0 0.3918269230769231 0.4620253164556962 0.06971153846153846 0.08227848101265822
0 0.4326923076923077 0.4651898734177215 0.0625 0.08227848101265822
0 0.27403846153846156 0.5 0.052884615384615384 0.060126582278481014
0 0.28846153846153844 0.5379746835443038 0.038461538461538464 0.0379746835443038
0 0.5288461538461539 0.5822784810126582 0.0625 0.06645569620253164
0 0.2956730769230769 0.5949367088607594 0.04567307692307692 0.04430379746835443
0 0.3918269230769231 0.6170886075949367 0.057692307692307696 0.04746835443037975
0 0.3485576923076923 0.6582278481012658 0.04567307692307692 0.060126582278481014
0 0.59375 0.6930379746835443 0.052884615384615384 0.06962025316455696
0 0.6201923076923077 0.7721518987341772 0.0673076923076923 0.06645569620253164
0 0.13942307692307693 0.7784810126582279 0.0625 0.07911392405063292
0 0.8701923076923077 0.8860759493670886 0.038461538461538464 0.06962025316455696
0 0.5168269230769231 0.08860759493670886 0.07451923076923077 0.06962025316455696
0 0.8461538461538461 0.939873417721519 0.0673076923076923 0.060126582278481014
0 0.23076923076923078 0.20253164556962025 0.06971153846153846 0.056962025316455694
0 0.8197115384615384 0.27531645569620256 0.06971153846153846 0.08227848101265822
0 0.47596153846153844 0.3829113924050633 0.06971153846153846 0.08860759493670886