3 0.3269230769230769 0.47151898734177217 0.05048076923076923 0.05063291139240506
1 0.2548076923076923 0.47468354430379744 0.052884615384615384 0.056962025316455694
3 0.17307692307692307 0.5411392405063291 0.04567307692307692 0.05063291139240506
3 0.4879807692307692 0.5569620253164557 0.0625 0.056962025316455694
4 0.71875 0.5759493670886076 0.036057692307692304 0.05063291139240506
3 0.1658653846153846 0.5949367088607594 0.052884615384615384 0.05063291139240506
3 0.4495192307692308 0.5949367088607594 0.036057692307692304 0.06645569620253164
3 0.47596153846153844 0.6107594936708861 0.04326923076923077 0.060126582278481014
3 0.1778846153846154 0.6582278481012658 0.038461538461538464 0.03481012658227848
3 0.5168269230769231 0.6645569620253164 0.05048076923076923 0.04746835443037975
3 0.09375 0.7025316455696202 0.04567307692307692 0.060126582278481014
3 0.5024038461538461 0.7246835443037974 0.04567307692307692 0.07911392405063292
4 0.6322115384615384 0.11392405063291139 0.04567307692307692 0.07911392405063292
0 0.09615384615384616 0.1518987341772152 0.04326923076923077 0.060126582278481014
0 0.23076923076923078 0.20569620253164558 0.07692307692307693 0.0759493670886076
3 0.5745192307692307 0.22784810126582278 0.0625 0.07911392405063292
3 0.3870192307692308 0.3291139240506329 0.052884615384615384 0.060126582278481014
3 0.5504807692307693 0.36075949367088606 0.09375 0.07911392405063292
3 0.28365384615384615 0.36075949367088606 0.0673076923076923 0.06962025316455696
3 0.3894230769230769 0.370253164556962 0.0625 0.05063291139240506
3 0.29086538461538464 0.40822784810126583 0.052884615384615384 0.056962025316455694
3 0.5168269230769231 0.41139240506329117 0.0625 0.06962025316455696
3 0.44471153846153844 0.41139240506329117 0.038461538461538464 0.056962025316455694