1 0.8774038461538461 0.4588607594936709 0.04326923076923077 0.0759493670886076
1 0.5048076923076923 0.48417721518987344 0.04567307692307692 0.056962025316455694
1 0.47115384615384615 0.7246835443037974 0.052884615384615384 0.056962025316455694
1 0.5024038461538461 0.7784810126582279 0.038461538461538464 0.06645569620253164
1 0.38221153846153844 0.8354430379746836 0.07451923076923077 0.06962025316455696
1 0.5985576923076923 0.8829113924050633 0.05048076923076923 0.08227848101265822
1 0.5745192307692307 0.16455696202531644 0.057692307692307696 0.05063291139240506
3 0.6610576923076923 0.17405063291139242 0.07932692307692307 0.11075949367088607
3 0.9038461538461539 0.25949367088607594 0.06009615384615385 0.08227848101265822
1 0.5528846153846154 0.37341772151898733 0.04567307692307692 0.0379746835443038
1 0.78125 0.439873417721519 0.07451923076923077 0.08227848101265822