0 0.4375 0.45222929936305734 0.04326923076923077 0.04777070063694268
0 0.24519230769230768 0.46178343949044587 0.03365384615384615 0.044585987261146494
0 0.2860576923076923 0.5286624203821656 0.0625 0.05732484076433121
0 0.3629807692307692 0.60828025477707 0.06971153846153846 0.07961783439490445
0 0.32211538461538464 0.6751592356687898 0.08413461538461539 0.08917197452229299
0 0.5384615384615384 0.7420382165605095 0.0673076923076923 0.06050955414012739
0 0.40384615384615385 0.321656050955414 0.057692307692307696 0.03821656050955414
0 0.3317307692307692 0.3471337579617834 0.052884615384615384 0.08280254777070063
0 0.33653846153846156 0.35987261146496813 0.05048076923076923 0.04777070063694268
0 0.4519230769230769 0.37898089171974525 0.036057692307692304 0.07643312101910828
0 0.3125 0.4140127388535032 0.0625 0.04777070063694268
0 0.40384615384615385 0.4267515923566879 0.036057692307692304 0.044585987261146494