5 0.40625 0.44904458598726116 0.052884615384615384 0.06050955414012739
5 0.7283653846153846 0.44904458598726116 0.06009615384615385 0.044585987261146494
5 0.7740384615384616 0.4872611464968153 0.05048076923076923 0.05732484076433121
5 0.35096153846153844 0.5095541401273885 0.0673076923076923 0.04777070063694268
4 0.3389423076923077 0.5923566878980892 0.057692307692307696 0.07961783439490445
4 0.4543269230769231 0.7133757961783439 0.052884615384615384 0.08280254777070063
0 0.2644230769230769 0.7579617834394905 0.06971153846153846 0.08280254777070063
0 0.6105769230769231 0.7929936305732485 0.06971153846153846 0.09235668789808917
5 0.5408653846153846 0.11464968152866242 0.05048076923076923 0.04777070063694268
5 0.36658653846153844 0.030254777070063694 0.040865384615384616 0.06050955414012739
5 0.2620192307692308 0.36942675159235666 0.0673076923076923 0.08280254777070063
5 0.4423076923076923 0.42356687898089174 0.038461538461538464 0.03503184713375796