1 0.6850961538461539 0.49683544303797467 0.08653846153846154 0.09177215189873418
1 0.5841346153846154 0.5 0.08653846153846154 0.10443037974683544
1 0.9711538461538461 0.5126582278481012 0.052884615384615384 0.10126582278481013
1 0.7043269230769231 0.5791139240506329 0.0625 0.060126582278481014
1 0.5336538461538461 0.6012658227848101 0.08653846153846154 0.09177215189873418
1 0.3581730769230769 0.6234177215189873 0.0985576923076923 0.10126582278481013
1 0.6850961538461539 0.6962025316455697 0.11778846153846154 0.11075949367088607
1 0.4423076923076923 0.7056962025316456 0.06971153846153846 0.0981012658227848
1 0.5913461538461539 0.7341772151898734 0.0985576923076923 0.08860759493670886
1 0.375 0.7341772151898734 0.08413461538461539 0.12025316455696203
1 0.2548076923076923 0.8259493670886076 0.09134615384615384 0.0759493670886076
1 0.40384615384615385 0.8639240506329114 0.07451923076923077 0.08860759493670886
1 0.1778846153846154 0.8829113924050633 0.057692307692307696 0.056962025316455694
3 0.5913461538461539 0.8955696202531646 0.07451923076923077 0.1360759493670886
1 0.31490384615384615 0.9145569620253164 0.052884615384615384 0.06645569620253164
1 0.24278846153846154 0.9462025316455697 0.07932692307692307 0.060126582278481014
1 0.4230769230769231 0.9525316455696202 0.125 0.06962025316455696
1 0.5504807692307693 0.25949367088607594 0.0673076923076923 0.07911392405063292
1 0.4831730769230769 0.26582278481012656 0.06971153846153846 0.08227848101265822
1 0.47115384615384615 0.379746835443038 0.10817307692307693 0.09177215189873418
4 0.8125 0.4050632911392405 0.0625 0.07911392405063292
1 0.7403846153846154 0.40822784810126583 0.09375 0.09177215189873418