3 0.4110576923076923 0.4585987261146497 0.11778846153846154 0.07961783439490445
3 0.0985576923076923 0.46178343949044587 0.05048076923076923 0.09235668789808917
4 0.6105769230769231 0.5063694267515924 0.06971153846153846 0.06687898089171974
4 0.5264423076923077 0.5445859872611465 0.05048076923076923 0.050955414012738856
3 0.21875 0.5955414012738853 0.07451923076923077 0.09235668789808917
4 0.43990384615384615 0.6528662420382165 0.0673076923076923 0.08280254777070063
4 0.19471153846153846 0.9140127388535032 0.07451923076923077 0.07961783439490445
4 0.4495192307692308 0.9394904458598726 0.07451923076923077 0.07643312101910828
3 0.21634615384615385 0.12420382165605096 0.08653846153846154 0.07006369426751592
3 0.6826923076923077 0.14012738853503184 0.07692307692307693 0.08280254777070063
3 0.5480769230769231 0.18471337579617833 0.07451923076923077 0.08280254777070063
3 0.19230769230769232 0.2356687898089172 0.07932692307692307 0.05732484076433121
3 0.3269230769230769 0.24522292993630573 0.09375 0.1305732484076433
3 0.16346153846153846 0.31528662420382164 0.0625 0.09872611464968153
3 0.3557692307692308 0.3630573248407643 0.10096153846153846 0.09872611464968153
3 0.4519230769230769 0.37261146496815284 0.04326923076923077 0.06050955414012739