1 0.3918269230769231 0.49044585987261147 0.038461538461538464 0.04777070063694268
1 0.5168269230769231 0.5 0.04326923076923077 0.04777070063694268
1 0.6394230769230769 0.5063694267515924 0.04326923076923077 0.04777070063694268
1 0.7331730769230769 0.5318471337579618 0.04326923076923077 0.04777070063694268
1 0.7283653846153846 0.054140127388535034 0.0625 0.04777070063694268
1 0.75 0.6146496815286624 0.09375 0.07006369426751592
1 0.6442307692307693 0.06369426751592357 0.04567307692307692 0.05732484076433121
1 0.5889423076923077 0.6528662420382165 0.052884615384615384 0.06687898089171974
1 0.47836538461538464 0.6528662420382165 0.05048076923076923 0.03821656050955414
1 0.6442307692307693 0.6719745222929936 0.07451923076923077 0.06687898089171974
1 0.5480769230769231 0.7292993630573248 0.038461538461538464 0.03503184713375796
1 0.59375 0.7547770700636943 0.05048076923076923 0.04777070063694268
1 0.3269230769230769 0.767515923566879 0.07692307692307693 0.06050955414012739
1 0.5865384615384616 0.8121019108280255 0.052884615384615384 0.04777070063694268
1 0.7115384615384616 0.1178343949044586 0.06009615384615385 0.04777070063694268
1 0.6105769230769231 0.16878980891719744 0.057692307692307696 0.050955414012738856
1 0.30528846153846156 0.1751592356687898 0.06971153846153846 0.07006369426751592
1 0.38461538461538464 0.18471337579617833 0.036057692307692304 0.03821656050955414
1 0.4375 0.19745222929936307 0.06971153846153846 0.05732484076433121
1 0.6442307692307693 0.2070063694267516 0.06009615384615385 0.06050955414012739
1 0.7644230769230769 0.2229299363057325 0.036057692307692304 0.044585987261146494
1 0.5432692307692307 0.2611464968152866 0.06971153846153846 0.08280254777070063
1 0.3870192307692308 0.2611464968152866 0.0625 0.06687898089171974
1 0.6706730769230769 0.2643312101910828 0.0673076923076923 0.06050955414012739
1 0.21153846153846154 0.2770700636942675 0.04567307692307692 0.044585987261146494
1 0.4423076923076923 0.3057324840764331 0.08653846153846154 0.07006369426751592
1 0.5600961538461539 0.3184713375796178 0.08653846153846154 0.050955414012738856
1 0.3389423076923077 0.321656050955414 0.052884615384615384 0.05732484076433121
1 0.6466346153846154 0.3471337579617834 0.08413461538461539 0.06687898089171974
1 0.2620192307692308 0.3503184713375796 0.057692307692307696 0.06050955414012739
1 0.6995192307692307 0.39171974522292996 0.052884615384615384 0.06050955414012739
1 0.6346153846153846 0.4140127388535032 0.06009615384615385 0.06050955414012739
1 0.59375 0.4140127388535032 0.06009615384615385 0.05732484076433121
1 0.36778846153846156 0.4267515923566879 0.04567307692307692 0.06050955414012739
1 0.29086538461538464 0.43312101910828027 0.08653846153846154 0.05732484076433121
1 0.5552884615384616 0.445859872611465 0.06009615384615385 0.05732484076433121