5 0.16826923076923078 0.044585987261146494 0.03365384615384615 0.03821656050955414
5 0.46875 0.44904458598726116 0.028846153846153848 0.050955414012738856
5 0.3004807692307692 0.050955414012738856 0.04567307692307692 0.04777070063694268
3 0.7043269230769231 0.5828025477707006 0.07692307692307693 0.07961783439490445
3 0.4014423076923077 0.6019108280254777 0.10336538461538461 0.10509554140127389
4 0.3293269230769231 0.7643312101910829 0.06971153846153846 0.07961783439490445
3 0.21634615384615385 0.767515923566879 0.07451923076923077 0.08280254777070063
3 0.42788461538461536 0.7993630573248408 0.11778846153846154 0.08917197452229299
4 0.5673076923076923 0.8853503184713376 0.057692307692307696 0.07961783439490445
0 0.3173076923076923 0.9203821656050956 0.06009615384615385 0.06050955414012739
0 0.43990384615384615 0.9601910828025477 0.0625 0.0732484076433121
5 0.6177884615384616 0.10191082802547771 0.0625 0.06050955414012739
5 0.3605769230769231 0.18789808917197454 0.057692307692307696 0.03503184713375796
4 0.33653846153846156 0.27388535031847133 0.08413461538461539 0.09872611464968153
5 0.6778846153846154 0.2898089171974522 0.052884615384615384 0.05732484076433121
5 0.4230769230769231 0.3343949044585987 0.038461538461538464 0.04777070063694268
5 0.5 0.37898089171974525 0.036057692307692304 0.03821656050955414