5 0.8317307692307693 0.04430379746835443 0.03365384615384615 0.0379746835443038
5 0.53125 0.4462025316455696 0.028846153846153848 0.05063291139240506
5 0.6995192307692307 0.05063291139240506 0.04567307692307692 0.04746835443037975
3 0.2956730769230769 0.5791139240506329 0.07692307692307693 0.07911392405063292
3 0.5985576923076923 0.5981012658227848 0.10336538461538461 0.10443037974683544
4 0.6706730769230769 0.759493670886076 0.06971153846153846 0.07911392405063292
3 0.7836538461538461 0.7626582278481012 0.07451923076923077 0.08227848101265822
3 0.5721153846153846 0.7943037974683544 0.11778846153846154 0.08860759493670886
4 0.4326923076923077 0.879746835443038 0.057692307692307696 0.07911392405063292
0 0.6826923076923077 0.9145569620253164 0.06009615384615385 0.060126582278481014
0 0.5600961538461539 0.9541139240506329 0.0625 0.07278481012658228
5 0.38221153846153844 0.10126582278481013 0.0625 0.060126582278481014
5 0.6394230769230769 0.18670886075949367 0.057692307692307696 0.03481012658227848
4 0.6634615384615384 0.2721518987341772 0.08413461538461539 0.0981012658227848
5 0.32211538461538464 0.2879746835443038 0.052884615384615384 0.056962025316455694
5 0.5769230769230769 0.3322784810126582 0.038461538461538464 0.04746835443037975
5 0.5 0.37658227848101267 0.036057692307692304 0.0379746835443038