1 0.1971153846153846 0.629746835443038 0.038461538461538464 0.04430379746835443
4 0.19230769230769232 0.6487341772151899 0.11538461538461539 0.10443037974683544
1 0.21153846153846154 0.6582278481012658 0.04326923076923077 0.0379746835443038
4 0.9302884615384616 0.7974683544303798 0.04567307692307692 0.06645569620253164
1 0.49759615384615385 0.810126582278481 0.07692307692307693 0.09177215189873418
1 0.2932692307692308 0.8259493670886076 0.0625 0.06645569620253164
4 0.6490384615384616 0.870253164556962 0.06971153846153846 0.056962025316455694
1 0.17307692307692307 0.15822784810126583 0.09375 0.08860759493670886
4 0.6850961538461539 0.17721518987341772 0.07451923076923077 0.06962025316455696
1 0.28846153846153844 0.2563291139240506 0.052884615384615384 0.06645569620253164
4 0.9783653846153846 0.26582278481012656 0.038461538461538464 0.0759493670886076