0 0.6778846153846154 0.4588607594936709 0.05048076923076923 0.0759493670886076
1 0.4879807692307692 0.4588607594936709 0.06971153846153846 0.060126582278481014
5 0.3125 0.5348101265822784 0.052884615384615384 0.03481012658227848
3 0.24278846153846154 0.5411392405063291 0.08413461538461539 0.06645569620253164
1 0.43990384615384615 0.6170886075949367 0.0673076923076923 0.0759493670886076
1 0.6971153846153846 0.6993670886075949 0.05048076923076923 0.056962025316455694
3 0.30528846153846156 0.7911392405063291 0.06009615384615385 0.08860759493670886
5 0.21875 0.8417721518987342 0.038461538461538464 0.04430379746835443
5 0.4735576923076923 0.16455696202531644 0.036057692307692304 0.02531645569620253
5 0.20673076923076922 0.21518987341772153 0.052884615384615384 0.056962025316455694
1 0.5048076923076923 0.310126582278481 0.07692307692307693 0.10126582278481013
5 0.31009615384615385 0.3575949367088608 0.05048076923076923 0.0379746835443038
3 0.27884615384615385 0.43037974683544306 0.07451923076923077 0.056962025316455694