2 0.21875 0.47151898734177217 0.052884615384615384 0.08227848101265822
2 0.1875 0.5221518987341772 0.04326923076923077 0.06962025316455696
2 0.31009615384615385 0.5348101265822784 0.06971153846153846 0.060126582278481014
2 0.3557692307692308 0.5886075949367089 0.0673076923076923 0.060126582278481014
2 0.25961538461538464 0.6107594936708861 0.06009615384615385 0.04746835443037975
3 0.2091346153846154 0.6139240506329114 0.036057692307692304 0.04746835443037975
3 0.18028846153846154 0.7246835443037974 0.057692307692307696 0.05063291139240506
2 0.4639423076923077 0.0759493670886076 0.04567307692307692 0.056962025316455694
2 0.49278846153846156 0.1518987341772152 0.04567307692307692 0.060126582278481014
2 0.4423076923076923 0.3639240506329114 0.04326923076923077 0.04746835443037975
2 0.3605769230769231 0.4430379746835443 0.0625 0.05063291139240506
2 0.25240384615384615 0.4430379746835443 0.05048076923076923 0.07911392405063292