0 0.4855769230769231 0.46178343949044587 0.04326923076923077 0.044585987261146494
0 0.5456730769230769 0.4681528662420382 0.06009615384615385 0.050955414012738856
0 0.3269230769230769 0.4745222929936306 0.0673076923076923 0.06687898089171974
0 0.4831730769230769 0.5159235668789809 0.06971153846153846 0.06687898089171974
0 0.34375 0.5286624203821656 0.0625 0.07006369426751592
0 0.14903846153846154 0.5477707006369427 0.057692307692307696 0.07006369426751592
0 0.7692307692307693 0.5477707006369427 0.07451923076923077 0.07961783439490445
0 0.5432692307692307 0.554140127388535 0.0625 0.07961783439490445
0 0.23798076923076922 0.5605095541401274 0.05048076923076923 0.05732484076433121
0 0.8269230769230769 0.5732484076433121 0.07932692307692307 0.10191082802547771
0 0.4254807692307692 0.5955414012738853 0.052884615384615384 0.07643312101910828
0 0.4807692307692308 0.5987261146496815 0.052884615384615384 0.06687898089171974
0 0.3918269230769231 0.6496815286624203 0.036057692307692304 0.05732484076433121
0 0.7091346153846154 0.6687898089171974 0.06009615384615385 0.08917197452229299
0 0.6442307692307693 0.7452229299363057 0.052884615384615384 0.06050955414012739
0 0.25240384615384615 0.856687898089172 0.06009615384615385 0.08280254777070063
0 0.53125 0.09872611464968153 0.07451923076923077 0.07006369426751592
0 0.5240384615384616 0.1592356687898089 0.07932692307692307 0.04777070063694268
0 0.40384615384615385 0.16878980891719744 0.057692307692307696 0.08917197452229299
0 0.6322115384615384 0.21656050955414013 0.07692307692307693 0.10191082802547771
0 0.5216346153846154 0.24522292993630573 0.0673076923076923 0.07961783439490445
0 0.44711538461538464 0.29936305732484075 0.0673076923076923 0.08280254777070063
0 0.5528846153846154 0.3343949044585987 0.07932692307692307 0.07643312101910828
0 0.35096153846153844 0.3980891719745223 0.06009615384615385 0.06687898089171974
0 0.24519230769230768 0.4012738853503185 0.0673076923076923 0.10191082802547771