0 0.5625 0.44936708860759494 0.04326923076923077 0.04746835443037975
0 0.7548076923076923 0.4588607594936709 0.03365384615384615 0.04430379746835443
0 0.7139423076923077 0.5253164556962026 0.0625 0.056962025316455694
0 0.6370192307692307 0.6044303797468354 0.06971153846153846 0.07911392405063292
0 0.6778846153846154 0.6708860759493671 0.08413461538461539 0.08860759493670886
0 0.46153846153846156 0.7373417721518988 0.0673076923076923 0.060126582278481014
0 0.5961538461538461 0.31962025316455694 0.057692307692307696 0.0379746835443038
0 0.6682692307692307 0.3449367088607595 0.052884615384615384 0.08227848101265822
0 0.6634615384615384 0.3575949367088608 0.05048076923076923 0.04746835443037975
0 0.5480769230769231 0.37658227848101267 0.036057692307692304 0.0759493670886076
0 0.6875 0.41139240506329117 0.0625 0.04746835443037975
0 0.5961538461538461 0.4240506329113924 0.036057692307692304 0.04430379746835443