5 0.5456730769230769 0.47151898734177217 0.052884615384615384 0.08227848101265822
5 0.49038461538461536 0.49050632911392406 0.05048076923076923 0.07911392405063292
5 0.6153846153846154 0.5791139240506329 0.052884615384615384 0.0759493670886076
5 0.4831730769230769 0.056962025316455694 0.04326923076923077 0.060126582278481014
5 0.3942307692307692 0.5822784810126582 0.052884615384615384 0.06645569620253164
5 0.4495192307692308 0.6107594936708861 0.05048076923076923 0.06645569620253164
5 0.4495192307692308 0.6708860759493671 0.0625 0.06645569620253164
5 0.6129807692307693 0.7310126582278481 0.04326923076923077 0.08227848101265822
5 0.5192307692307693 0.8291139240506329 0.0673076923076923 0.0759493670886076
5 0.5576923076923077 0.8575949367088608 0.04326923076923077 0.05063291139240506
5 0.46153846153846156 0.8734177215189873 0.06009615384615385 0.06645569620253164
5 0.37740384615384615 0.8860759493670886 0.06971153846153846 0.06645569620253164
5 0.47596153846153844 0.1360759493670886 0.052884615384615384 0.0759493670886076
5 0.49759615384615385 0.20569620253164558 0.06971153846153846 0.04746835443037975
5 0.45913461538461536 0.27531645569620256 0.052884615384615384 0.0759493670886076
5 0.37740384615384615 0.2879746835443038 0.06971153846153846 0.06962025316455696
5 0.3293269230769231 0.31962025316455694 0.07692307692307693 0.056962025316455694
5 0.43028846153846156 0.38924050632911394 0.0673076923076923 0.060126582278481014
5 0.4879807692307692 0.43354430379746833 0.07692307692307693 0.056962025316455694