3 0.5048076923076923 0.4462025316455696 0.036057692307692304 0.060126582278481014
3 0.6947115384615384 0.44936708860759494 0.05048076923076923 0.056962025316455694
3 0.5913461538461539 0.45569620253164556 0.036057692307692304 0.03481012658227848
3 0.7139423076923077 0.49683544303797467 0.04326923076923077 0.0379746835443038
3 0.7139423076923077 0.560126582278481 0.038461538461538464 0.056962025316455694
3 0.5649038461538461 0.569620253164557 0.06971153846153846 0.06645569620253164
3 0.23798076923076922 0.5949367088607594 0.057692307692307696 0.0759493670886076
3 0.6826923076923077 0.6265822784810127 0.038461538461538464 0.060126582278481014
3 0.8269230769230769 0.6265822784810127 0.04326923076923077 0.056962025316455694
3 0.3870192307692308 0.6867088607594937 0.04567307692307692 0.06645569620253164
3 0.6538461538461539 0.16139240506329114 0.04326923076923077 0.056962025316455694
3 0.4326923076923077 0.18670886075949367 0.036057692307692304 0.05063291139240506
3 0.49278846153846156 0.21518987341772153 0.04567307692307692 0.0759493670886076
3 0.6009615384615384 0.22151898734177214 0.06009615384615385 0.06962025316455696
3 0.6947115384615384 0.24367088607594936 0.05048076923076923 0.06962025316455696
3 0.6274038461538461 0.2689873417721519 0.05048076923076923 0.0379746835443038
3 0.5961538461538461 0.2974683544303797 0.04326923076923077 0.06645569620253164
3 0.7331730769230769 0.3069620253164557 0.04567307692307692 0.04430379746835443
3 0.5697115384615384 0.3291139240506329 0.04326923076923077 0.05063291139240506
3 0.4639423076923077 0.3512658227848101 0.05048076923076923 0.06645569620253164
3 0.6370192307692307 0.37341772151898733 0.036057692307692304 0.056962025316455694
3 0.6802884615384616 0.38924050632911394 0.05048076923076923 0.05063291139240506
3 0.5576923076923077 0.41455696202531644 0.028846153846153848 0.05063291139240506