5 0.4543269230769231 0.4745222929936306 0.052884615384615384 0.08280254777070063
5 0.5096153846153846 0.49363057324840764 0.05048076923076923 0.07961783439490445
5 0.38461538461538464 0.5828025477707006 0.052884615384615384 0.07643312101910828
5 0.5168269230769231 0.05732484076433121 0.04326923076923077 0.06050955414012739
5 0.6057692307692307 0.5859872611464968 0.052884615384615384 0.06687898089171974
5 0.5504807692307693 0.6146496815286624 0.05048076923076923 0.06687898089171974
5 0.5504807692307693 0.6751592356687898 0.0625 0.06687898089171974
5 0.3870192307692308 0.7356687898089171 0.04326923076923077 0.08280254777070063
5 0.4807692307692308 0.8343949044585988 0.0673076923076923 0.07643312101910828
5 0.4423076923076923 0.8630573248407644 0.04326923076923077 0.050955414012738856
5 0.5384615384615384 0.8789808917197452 0.06009615384615385 0.06687898089171974
5 0.6225961538461539 0.89171974522293 0.06971153846153846 0.06687898089171974
5 0.5240384615384616 0.13694267515923567 0.052884615384615384 0.07643312101910828
5 0.5024038461538461 0.2070063694267516 0.06971153846153846 0.04777070063694268
5 0.5408653846153846 0.2770700636942675 0.052884615384615384 0.07643312101910828
5 0.6225961538461539 0.2898089171974522 0.06971153846153846 0.07006369426751592
5 0.6706730769230769 0.321656050955414 0.07692307692307693 0.05732484076433121
5 0.5697115384615384 0.39171974522292996 0.0673076923076923 0.06050955414012739
5 0.5120192307692307 0.43630573248407645 0.07692307692307693 0.05732484076433121