3 0.6538461538461539 0.4681528662420382 0.052884615384615384 0.08917197452229299
3 0.5600961538461539 0.4713375796178344 0.06971153846153846 0.07961783439490445
3 0.7283653846153846 0.47770700636942676 0.06009615384615385 0.06687898089171974
3 0.47115384615384615 0.535031847133758 0.06009615384615385 0.050955414012738856
3 0.22115384615384615 0.5445859872611465 0.05048076923076923 0.06050955414012739
3 0.38221153846153844 0.5477707006369427 0.04567307692307692 0.07961783439490445
3 0.2860576923076923 0.554140127388535 0.06009615384615385 0.09235668789808917
3 0.4879807692307692 0.6050955414012739 0.04567307692307692 0.05732484076433121
3 0.6754807692307693 0.6114649681528662 0.036057692307692304 0.07961783439490445
3 0.1778846153846154 0.6369426751592356 0.06009615384615385 0.07006369426751592
3 0.5817307692307693 0.6401273885350318 0.06971153846153846 0.05732484076433121
3 0.052884615384615384 0.678343949044586 0.07451923076923077 0.06050955414012739
3 0.12980769230769232 0.6847133757961783 0.06009615384615385 0.07643312101910828
3 0.040865384615384616 0.7452229299363057 0.06009615384615385 0.07961783439490445
3 0.3485576923076923 0.767515923566879 0.052884615384615384 0.04777070063694268
3 0.15144230769230768 0.7834394904458599 0.0673076923076923 0.08917197452229299
3 0.6826923076923077 0.8089171974522293 0.06971153846153846 0.07961783439490445
3 0.4014423076923077 0.1592356687898089 0.0625 0.08280254777070063
3 0.5072115384615384 0.1942675159235669 0.05048076923076923 0.08280254777070063
3 0.3942307692307692 0.2611464968152866 0.05048076923076923 0.08917197452229299
3 0.3389423076923077 0.267515923566879 0.04326923076923077 0.05732484076433121
3 0.3581730769230769 0.030254777070063694 0.0625 0.06050955414012739
3 0.5192307692307693 0.3535031847133758 0.052884615384615384 0.07006369426751592
3 0.3245192307692308 0.36942675159235666 0.06971153846153846 0.07961783439490445
3 0.6826923076923077 0.37579617834394907 0.07692307692307693 0.09872611464968153
3 0.7668269230769231 0.3821656050955414 0.04567307692307692 0.08280254777070063