5 0.43509615384615385 0.4810126582278481 0.038461538461538464 0.04746835443037975
4 0.5432692307692307 0.5284810126582279 0.04567307692307692 0.08227848101265822
4 0.4879807692307692 0.6487341772151899 0.07692307692307693 0.08227848101265822
4 0.5168269230769231 0.7278481012658228 0.0673076923076923 0.0759493670886076
5 0.4014423076923077 0.22784810126582278 0.021634615384615384 0.03481012658227848
0 0.6610576923076923 0.22784810126582278 0.038461538461538464 0.04746835443037975
5 0.4326923076923077 0.2310126582278481 0.036057692307692304 0.04430379746835443
5 0.5649038461538461 0.34810126582278483 0.04326923076923077 0.03481012658227848
5 0.4254807692307692 0.35443037974683544 0.05048076923076923 0.0379746835443038
4 0.8004807692307693 0.41139240506329117 0.07451923076923077 0.08227848101265822
4 0.7163461538461539 0.4208860759493671 0.0673076923076923 0.08227848101265822