5 0.5721153846153846 0.44936708860759494 0.021634615384615384 0.04746835443037975
5 0.08173076923076923 0.4588607594936709 0.021634615384615384 0.0379746835443038
5 0.49038461538461536 0.5348101265822784 0.026442307692307692 0.0379746835443038
5 0.35336538461538464 0.5854430379746836 0.04326923076923077 0.04430379746835443
5 0.6971153846153846 0.5886075949367089 0.038461538461538464 0.03481012658227848
5 0.6009615384615384 0.5886075949367089 0.03365384615384615 0.05063291139240506
5 0.49278846153846156 0.5949367088607594 0.028846153846153848 0.04746835443037975
5 0.5745192307692307 0.6329113924050633 0.036057692307692304 0.056962025316455694
5 0.45913461538461536 0.6392405063291139 0.028846153846153848 0.04430379746835443
5 0.14903846153846154 0.6582278481012658 0.036057692307692304 0.0379746835443038
5 0.7451923076923077 0.6613924050632911 0.036057692307692304 0.05063291139240506
5 0.125 0.6740506329113924 0.026442307692307692 0.03481012658227848
5 0.59375 0.7025316455696202 0.03365384615384615 0.04746835443037975
5 0.6971153846153846 0.7341772151898734 0.03365384615384615 0.05063291139240506
5 0.6466346153846154 0.7468354430379747 0.04326923076923077 0.04430379746835443
5 0.8533653846153846 0.7658227848101266 0.036057692307692304 0.056962025316455694
5 0.5649038461538461 0.7879746835443038 0.036057692307692304 0.0379746835443038
5 0.7572115384615384 0.8227848101265823 0.028846153846153848 0.04430379746835443
5 0.8966346153846154 0.8259493670886076 0.019230769230769232 0.0379746835443038
5 0.6153846153846154 0.8291139240506329 0.028846153846153848 0.0379746835443038
5 0.5096153846153846 0.8639240506329114 0.028846153846153848 0.05063291139240506
5 0.44471153846153844 0.9177215189873418 0.038461538461538464 0.060126582278481014
5 0.5504807692307693 0.9462025316455697 0.021634615384615384 0.03481012658227848
5 0.5288461538461539 0.9462025316455697 0.021634615384615384 0.04430379746835443
5 0.19471153846153846 0.36075949367088606 0.028846153846153848 0.04430379746835443
5 0.5504807692307693 0.3639240506329114 0.028846153846153848 0.03481012658227848