4 0.8076923076923077 0.4651898734177215 0.0673076923076923 0.0759493670886076
5 0.3701923076923077 0.47468354430379744 0.05048076923076923 0.056962025316455694
5 0.40625 0.4778481012658228 0.028846153846153848 0.03481012658227848
5 0.8990384615384616 0.5031645569620253 0.028846153846153848 0.05063291139240506
4 0.18509615384615385 0.509493670886076 0.06971153846153846 0.06962025316455696
5 0.8870192307692307 0.5632911392405063 0.03365384615384615 0.056962025316455694
5 0.6322115384615384 0.5917721518987342 0.052884615384615384 0.056962025316455694
5 0.9110576923076923 0.6044303797468354 0.03365384615384615 0.04746835443037975
0 0.3485576923076923 0.6518987341772152 0.057692307692307696 0.060126582278481014
5 0.4182692307692308 0.6613924050632911 0.04326923076923077 0.04430379746835443
5 0.4495192307692308 0.6993670886075949 0.04326923076923077 0.04746835443037975
0 0.5408653846153846 0.7658227848101266 0.05048076923076923 0.0379746835443038
5 0.30288461538461536 0.4050632911392405 0.05048076923076923 0.056962025316455694
5 0.34375 0.4050632911392405 0.028846153846153848 0.03481012658227848
5 0.2692307692307692 0.41139240506329117 0.036057692307692304 0.05063291139240506
4 0.14903846153846154 0.4430379746835443 0.0625 0.06962025316455696