0 0.32211538461538464 0.46178343949044587 0.05048076923076923 0.07643312101910828
1 0.5120192307692307 0.46178343949044587 0.06971153846153846 0.06050955414012739
5 0.6875 0.5382165605095541 0.052884615384615384 0.03503184713375796
3 0.7572115384615384 0.5445859872611465 0.08413461538461539 0.06687898089171974
1 0.5600961538461539 0.6210191082802548 0.0673076923076923 0.07643312101910828
1 0.30288461538461536 0.7038216560509554 0.05048076923076923 0.05732484076433121
3 0.6947115384615384 0.7961783439490446 0.06009615384615385 0.08917197452229299
5 0.78125 0.8471337579617835 0.038461538461538464 0.044585987261146494
5 0.5264423076923077 0.16560509554140126 0.036057692307692304 0.025477707006369428
5 0.7932692307692307 0.21656050955414013 0.052884615384615384 0.05732484076433121
1 0.4951923076923077 0.31210191082802546 0.07692307692307693 0.10191082802547771
5 0.6899038461538461 0.35987261146496813 0.05048076923076923 0.03821656050955414
3 0.7211538461538461 0.43312101910828027 0.07451923076923077 0.05732484076433121