1 0.31009615384615385 0.4968152866242038 0.07692307692307693 0.09235668789808917
1 0.47836538461538464 0.5 0.07692307692307693 0.09872611464968153
1 0.3918269230769231 0.5764331210191083 0.07451923076923077 0.11146496815286625
1 0.43028846153846156 0.6751592356687898 0.07932692307692307 0.10191082802547771
1 0.6730769230769231 0.7038216560509554 0.057692307692307696 0.09235668789808917
1 0.5673076923076923 0.8789808917197452 0.057692307692307696 0.06687898089171974
1 0.6274038461538461 0.11464968152866242 0.08653846153846154 0.12420382165605096
1 0.5961538461538461 0.21656050955414013 0.0625 0.07006369426751592
1 0.3269230769230769 0.23885350318471338 0.09375 0.09235668789808917
1 0.37259615384615385 0.3821656050955414 0.07692307692307693 0.08917197452229299
1 0.6129807692307693 0.39490445859872614 0.06009615384615385 0.06050955414012739
1 0.2692307692307692 0.40764331210191085 0.05048076923076923 0.07961783439490445
1 0.5336538461538461 0.43630573248407645 0.07692307692307693 0.09872611464968153