3 0.1466346153846154 0.5286624203821656 0.07451923076923077 0.14331210191082802
3 0.8629807692307693 0.5605095541401274 0.08413461538461539 0.07643312101910828
3 0.46634615384615385 0.6019108280254777 0.06971153846153846 0.07961783439490445
3 0.20432692307692307 0.6337579617834395 0.06009615384615385 0.10509554140127389
3 0.24519230769230768 0.643312101910828 0.0673076923076923 0.09872611464968153
3 0.8701923076923077 0.6464968152866242 0.06971153846153846 0.08280254777070063
3 0.4423076923076923 0.6624203821656051 0.0625 0.05732484076433121
3 0.3918269230769231 0.7388535031847133 0.057692307692307696 0.050955414012738856
3 0.32211538461538464 0.7738853503184714 0.038461538461538464 0.050955414012738856
3 0.1875 0.8248407643312102 0.06971153846153846 0.06687898089171974
3 0.49038461538461536 0.8375796178343949 0.0625 0.06687898089171974
0 0.026442307692307692 0.8407643312101911 0.05048076923076923 0.050955414012738856
3 0.2283653846153846 0.856687898089172 0.10096153846153846 0.05732484076433121
0 0.6009615384615384 0.18471337579617833 0.05048076923076923 0.06050955414012739
0 0.5721153846153846 0.28343949044585987 0.05048076923076923 0.05732484076433121
0 0.014423076923076924 0.33121019108280253 0.026442307692307692 0.06050955414012739
3 0.13701923076923078 0.4012738853503185 0.07451923076923077 0.08280254777070063
0 0.6754807692307693 0.40764331210191085 0.057692307692307696 0.06687898089171974
0 0.5264423076923077 0.4394904458598726 0.0625 0.07006369426751592