1 0.12259615384615384 0.46178343949044587 0.04326923076923077 0.07643312101910828
1 0.4951923076923077 0.4872611464968153 0.04567307692307692 0.05732484076433121
1 0.5288461538461539 0.7292993630573248 0.052884615384615384 0.05732484076433121
1 0.49759615384615385 0.7834394904458599 0.038461538461538464 0.06687898089171974
1 0.6177884615384616 0.8407643312101911 0.07451923076923077 0.07006369426751592
1 0.4014423076923077 0.8885350318471338 0.05048076923076923 0.08280254777070063
1 0.4254807692307692 0.16560509554140126 0.057692307692307696 0.050955414012738856
3 0.3389423076923077 0.1751592356687898 0.07932692307692307 0.11146496815286625
3 0.09615384615384616 0.2611464968152866 0.06009615384615385 0.08280254777070063
1 0.44711538461538464 0.37579617834394907 0.04567307692307692 0.03821656050955414
1 0.21875 0.4426751592356688 0.07451923076923077 0.08280254777070063