1 0.19951923076923078 0.46835443037974683 0.07932692307692307 0.08860759493670886
1 0.4206730769230769 0.47151898734177217 0.06009615384615385 0.06645569620253164
1 0.33653846153846156 0.4810126582278481 0.0625 0.11075949367088607
1 0.5216346153846154 0.5031645569620253 0.11778846153846154 0.0981012658227848
1 0.28365384615384615 0.5189873417721519 0.11057692307692307 0.07911392405063292
1 0.44471153846153844 0.5632911392405063 0.10096153846153846 0.11075949367088607
1 0.28365384615384615 0.620253164556962 0.08413461538461539 0.07911392405063292
1 0.30288461538461536 0.680379746835443 0.0985576923076923 0.09177215189873418
1 0.5384615384615384 0.6962025316455697 0.18990384615384615 0.18670886075949367
1 0.3798076923076923 0.8259493670886076 0.052884615384615384 0.056962025316455694
1 0.3894230769230769 0.8892405063291139 0.052884615384615384 0.06962025316455696
1 0.3485576923076923 0.8924050632911392 0.057692307692307696 0.060126582278481014
1 0.4567307692307692 0.10126582278481013 0.08413461538461539 0.07911392405063292
1 0.6057692307692307 0.3512658227848101 0.10336538461538461 0.10443037974683544
1 0.4014423076923077 0.379746835443038 0.06971153846153846 0.0759493670886076
1 0.5 0.38924050632911394 0.057692307692307696 0.07911392405063292
1 0.5 0.4272151898734177 0.09134615384615384 0.0379746835443038