3 0.8533653846153846 0.5253164556962026 0.07451923076923077 0.14240506329113925
3 0.13701923076923078 0.5569620253164557 0.08413461538461539 0.0759493670886076
3 0.5336538461538461 0.5981012658227848 0.06971153846153846 0.07911392405063292
3 0.7956730769230769 0.629746835443038 0.06009615384615385 0.10443037974683544
3 0.7548076923076923 0.6392405063291139 0.0673076923076923 0.0981012658227848
3 0.12980769230769232 0.6424050632911392 0.06971153846153846 0.08227848101265822
3 0.5576923076923077 0.6582278481012658 0.0625 0.056962025316455694
3 0.6081730769230769 0.7341772151898734 0.057692307692307696 0.05063291139240506
3 0.6778846153846154 0.7689873417721519 0.038461538461538464 0.05063291139240506
3 0.8125 0.819620253164557 0.06971153846153846 0.06645569620253164
3 0.5096153846153846 0.8322784810126582 0.0625 0.06645569620253164
0 0.9735576923076923 0.8354430379746836 0.05048076923076923 0.05063291139240506
3 0.7716346153846154 0.8512658227848101 0.10096153846153846 0.056962025316455694
0 0.39903846153846156 0.18354430379746836 0.05048076923076923 0.060126582278481014
0 0.42788461538461536 0.28164556962025317 0.05048076923076923 0.056962025316455694
0 0.9855769230769231 0.3291139240506329 0.026442307692307692 0.060126582278481014
3 0.8629807692307693 0.3987341772151899 0.07451923076923077 0.08227848101265822
0 0.3245192307692308 0.4050632911392405 0.057692307692307696 0.06645569620253164
0 0.4735576923076923 0.43670886075949367 0.0625 0.06962025316455696