5 0.16105769230769232 0.4873417721518987 0.04567307692307692 0.04430379746835443
3 0.7115384615384616 0.5221518987341772 0.06971153846153846 0.07911392405063292
3 0.2668269230769231 0.5569620253164557 0.05048076923076923 0.06962025316455696
5 0.8028846153846154 0.6582278481012658 0.028846153846153848 0.02531645569620253
5 0.7548076923076923 0.6645569620253164 0.03365384615384615 0.056962025316455694
5 0.8966346153846154 0.6867088607594937 0.052884615384615384 0.04746835443037975
4 0.5144230769230769 0.689873417721519 0.04326923076923077 0.0759493670886076
5 0.8822115384615384 0.7215189873417721 0.028846153846153848 0.0379746835443038
5 0.7644230769230769 0.7310126582278481 0.026442307692307692 0.028481012658227847
5 0.27163461538461536 0.7626582278481012 0.04326923076923077 0.02531645569620253
5 0.7019230769230769 0.8164556962025317 0.04326923076923077 0.0759493670886076
5 0.7427884615384616 0.8259493670886076 0.036057692307692304 0.022151898734177215
5 0.5504807692307693 0.8512658227848101 0.052884615384615384 0.04746835443037975