3 0.8125 0.47151898734177217 0.06971153846153846 0.0759493670886076
0 0.7331730769230769 0.49683544303797467 0.052884615384615384 0.06645569620253164
2 0.18269230769230768 0.7341772151898734 0.07451923076923077 0.0759493670886076
2 0.29086538461538464 0.7879746835443038 0.0673076923076923 0.060126582278481014
3 0.18269230769230768 0.08227848101265822 0.052884615384615384 0.06645569620253164
2 0.71875 0.8291139240506329 0.07692307692307693 0.06645569620253164
3 0.8653846153846154 0.1962025316455696 0.04567307692307692 0.09177215189873418
3 0.8125 0.23417721518987342 0.052884615384615384 0.06962025316455696
5 0.3485576923076923 0.27531645569620256 0.04326923076923077 0.05063291139240506
4 0.4230769230769231 0.31962025316455694 0.038461538461538464 0.05063291139240506
3 0.3317307692307692 0.3322784810126582 0.0673076923076923 0.056962025316455694
3 0.8701923076923077 0.38924050632911394 0.05048076923076923 0.06962025316455696
4 0.31971153846153844 0.39556962025316456 0.08413461538461539 0.08860759493670886
0 0.2548076923076923 0.4208860759493671 0.05048076923076923 0.04746835443037975
0 0.1971153846153846 0.43354430379746833 0.06009615384615385 0.060126582278481014