1 0.5144230769230769 0.46178343949044587 0.04567307692307692 0.06687898089171974
1 0.7764423076923077 0.6114649681528662 0.052884615384615384 0.07961783439490445
1 0.6033653846153846 0.643312101910828 0.07932692307692307 0.10509554140127389
1 0.7067307692307693 0.6751592356687898 0.0625 0.07006369426751592
1 0.36778846153846156 0.7229299363057324 0.06009615384615385 0.08280254777070063
1 0.7524038461538461 0.7420382165605095 0.08653846153846154 0.09872611464968153
1 0.7620192307692307 0.8089171974522293 0.07451923076923077 0.050955414012738856
1 0.6899038461538461 0.11146496815286625 0.04326923076923077 0.050955414012738856
1 0.6274038461538461 0.33121019108280253 0.06009615384615385 0.10509554140127389
1 0.4230769230769231 0.37579617834394907 0.052884615384615384 0.050955414012738856
1 0.7331730769230769 0.3853503184713376 0.0625 0.07006369426751592