1 0.4855769230769231 0.4588607594936709 0.04567307692307692 0.06645569620253164
1 0.22355769230769232 0.6075949367088608 0.052884615384615384 0.07911392405063292
1 0.39663461538461536 0.6392405063291139 0.07932692307692307 0.10443037974683544
1 0.2932692307692308 0.6708860759493671 0.0625 0.06962025316455696
1 0.6322115384615384 0.7183544303797469 0.06009615384615385 0.08227848101265822
1 0.24759615384615385 0.7373417721518988 0.08653846153846154 0.0981012658227848
1 0.23798076923076922 0.8037974683544303 0.07451923076923077 0.05063291139240506
1 0.31009615384615385 0.11075949367088607 0.04326923076923077 0.05063291139240506
1 0.37259615384615385 0.3291139240506329 0.06009615384615385 0.10443037974683544
1 0.5769230769230769 0.37341772151898733 0.052884615384615384 0.05063291139240506
1 0.2668269230769231 0.3829113924050633 0.0625 0.06962025316455696