0 0.2860576923076923 0.4554140127388535 0.03365384615384615 0.06687898089171974
0 0.2668269230769231 0.4872611464968153 0.026442307692307692 0.05732484076433121
0 0.7740384615384616 0.5382165605095541 0.04326923076923077 0.04777070063694268
0 0.7163461538461539 0.054140127388535034 0.11778846153846154 0.06687898089171974
0 0.6850961538461539 0.554140127388535 0.11538461538461539 0.07961783439490445
0 0.21153846153846154 0.589171974522293 0.038461538461538464 0.044585987261146494
0 0.25721153846153844 0.5987261146496815 0.052884615384615384 0.07643312101910828
0 0.5120192307692307 0.08917197452229299 0.05048076923076923 0.07961783439490445
0 0.9038461538461539 0.10509554140127389 0.09134615384615384 0.04777070063694268
0 0.5528846153846154 0.11146496815286625 0.0673076923076923 0.06050955414012739
0 0.5120192307692307 0.1592356687898089 0.07692307692307693 0.03503184713375796
0 0.8990384615384616 0.2070063694267516 0.0673076923076923 0.050955414012738856
0 0.6322115384615384 0.21337579617834396 0.06971153846153846 0.07643312101910828
0 0.5721153846153846 0.2229299363057325 0.0625 0.06050955414012739
0 0.37740384615384615 0.24203821656050956 0.057692307692307696 0.050955414012738856
0 0.17548076923076922 0.25796178343949044 0.057692307692307696 0.08280254777070063
0 0.9110576923076923 0.2611464968152866 0.0625 0.07643312101910828
0 0.5384615384615384 0.28343949044585987 0.052884615384615384 0.06050955414012739
0 0.4375 0.2898089171974522 0.06009615384615385 0.06050955414012739
0 0.46634615384615385 0.34076433121019106 0.05048076923076923 0.08917197452229299
0 0.8149038461538461 0.36942675159235666 0.038461538461538464 0.07006369426751592
0 0.5096153846153846 0.37898089171974525 0.04326923076923077 0.05732484076433121
0 0.46153846153846156 0.4267515923566879 0.05048076923076923 0.07006369426751592
0 0.3245192307692308 0.4299363057324841 0.03365384615384615 0.05732484076433121
2 0.6153846153846154 0.4394904458598726 0.11778846153846154 0.15286624203821655
0 0.7115384615384616 0.445859872611465 0.04326923076923077 0.06687898089171974