5 0.42788461538461536 0.45222929936305734 0.021634615384615384 0.04777070063694268
5 0.9182692307692307 0.46178343949044587 0.021634615384615384 0.03821656050955414
5 0.5096153846153846 0.5382165605095541 0.026442307692307692 0.03821656050955414
5 0.6466346153846154 0.589171974522293 0.04326923076923077 0.044585987261146494
5 0.30288461538461536 0.5923566878980892 0.038461538461538464 0.03503184713375796
5 0.39903846153846156 0.5923566878980892 0.03365384615384615 0.050955414012738856
5 0.5072115384615384 0.5987261146496815 0.028846153846153848 0.04777070063694268
5 0.4254807692307692 0.6369426751592356 0.036057692307692304 0.05732484076433121
5 0.5408653846153846 0.643312101910828 0.028846153846153848 0.044585987261146494
5 0.8509615384615384 0.6624203821656051 0.036057692307692304 0.03821656050955414
5 0.2548076923076923 0.6656050955414012 0.036057692307692304 0.050955414012738856
5 0.875 0.678343949044586 0.026442307692307692 0.03503184713375796
5 0.40625 0.7070063694267515 0.03365384615384615 0.04777070063694268
5 0.30288461538461536 0.7388535031847133 0.03365384615384615 0.050955414012738856
5 0.35336538461538464 0.7515923566878981 0.04326923076923077 0.044585987261146494
5 0.1466346153846154 0.7707006369426752 0.036057692307692304 0.05732484076433121
5 0.43509615384615385 0.7929936305732485 0.036057692307692304 0.03821656050955414
5 0.24278846153846154 0.8280254777070064 0.028846153846153848 0.044585987261146494
5 0.10336538461538461 0.8312101910828026 0.019230769230769232 0.03821656050955414
5 0.38461538461538464 0.8343949044585988 0.028846153846153848 0.03821656050955414
5 0.49038461538461536 0.8694267515923567 0.028846153846153848 0.050955414012738856
5 0.5552884615384616 0.9235668789808917 0.038461538461538464 0.06050955414012739
5 0.4495192307692308 0.9522292993630573 0.021634615384615384 0.03503184713375796
5 0.47115384615384615 0.9522292993630573 0.021634615384615384 0.044585987261146494
5 0.8052884615384616 0.3630573248407643 0.028846153846153848 0.044585987261146494
5 0.4495192307692308 0.3662420382165605 0.028846153846153848 0.03503184713375796