1 0.6081730769230769 0.4873417721518987 0.038461538461538464 0.04746835443037975
1 0.4831730769230769 0.49683544303797467 0.04326923076923077 0.04746835443037975
1 0.3605769230769231 0.5031645569620253 0.04326923076923077 0.04746835443037975
1 0.2668269230769231 0.5284810126582279 0.04326923076923077 0.04746835443037975
1 0.27163461538461536 0.05379746835443038 0.0625 0.04746835443037975
1 0.25 0.6107594936708861 0.09375 0.06962025316455696
1 0.3557692307692308 0.06329113924050633 0.04567307692307692 0.056962025316455694
1 0.4110576923076923 0.6487341772151899 0.052884615384615384 0.06645569620253164
1 0.5216346153846154 0.6487341772151899 0.05048076923076923 0.0379746835443038
1 0.3557692307692308 0.6677215189873418 0.07451923076923077 0.06645569620253164
1 0.4519230769230769 0.7246835443037974 0.038461538461538464 0.03481012658227848
1 0.40625 0.75 0.05048076923076923 0.04746835443037975
1 0.6730769230769231 0.7626582278481012 0.07692307692307693 0.060126582278481014
1 0.41346153846153844 0.8069620253164557 0.052884615384615384 0.04746835443037975
1 0.28846153846153844 0.11708860759493671 0.06009615384615385 0.04746835443037975
1 0.3894230769230769 0.16772151898734178 0.057692307692307696 0.05063291139240506
1 0.6947115384615384 0.17405063291139242 0.06971153846153846 0.06962025316455696
1 0.6153846153846154 0.18354430379746836 0.036057692307692304 0.0379746835443038
1 0.5625 0.1962025316455696 0.06971153846153846 0.056962025316455694
1 0.3557692307692308 0.20569620253164558 0.06009615384615385 0.060126582278481014
1 0.23557692307692307 0.22151898734177214 0.036057692307692304 0.04430379746835443
1 0.4567307692307692 0.25949367088607594 0.06971153846153846 0.08227848101265822
1 0.6129807692307693 0.25949367088607594 0.0625 0.06645569620253164
1 0.3293269230769231 0.2626582278481013 0.0673076923076923 0.060126582278481014
1 0.7884615384615384 0.27531645569620256 0.04567307692307692 0.04430379746835443
1 0.5576923076923077 0.3037974683544304 0.08653846153846154 0.06962025316455696
1 0.43990384615384615 0.31645569620253167 0.08653846153846154 0.05063291139240506
1 0.6610576923076923 0.31962025316455694 0.052884615384615384 0.056962025316455694
1 0.35336538461538464 0.3449367088607595 0.08413461538461539 0.06645569620253164
1 0.7379807692307693 0.34810126582278483 0.057692307692307696 0.060126582278481014
1 0.3004807692307692 0.38924050632911394 0.052884615384615384 0.060126582278481014
1 0.36538461538461536 0.41139240506329117 0.06009615384615385 0.060126582278481014
1 0.40625 0.41139240506329117 0.06009615384615385 0.056962025316455694
1 0.6322115384615384 0.4240506329113924 0.04567307692307692 0.060126582278481014
1 0.7091346153846154 0.43037974683544306 0.08653846153846154 0.056962025316455694
1 0.44471153846153844 0.4430379746835443 0.06009615384615385 0.056962025316455694