3 0.4951923076923077 0.44904458598726116 0.036057692307692304 0.06050955414012739
3 0.30528846153846156 0.45222929936305734 0.05048076923076923 0.05732484076433121
3 0.40865384615384615 0.4585987261146497 0.036057692307692304 0.03503184713375796
3 0.2860576923076923 0.5 0.04326923076923077 0.03821656050955414
3 0.2860576923076923 0.5636942675159236 0.038461538461538464 0.05732484076433121
3 0.43509615384615385 0.5732484076433121 0.06971153846153846 0.06687898089171974
3 0.7620192307692307 0.5987261146496815 0.057692307692307696 0.07643312101910828
3 0.3173076923076923 0.6305732484076433 0.038461538461538464 0.06050955414012739
3 0.17307692307692307 0.6305732484076433 0.04326923076923077 0.05732484076433121
3 0.6129807692307693 0.6910828025477707 0.04567307692307692 0.06687898089171974
3 0.34615384615384615 0.1624203821656051 0.04326923076923077 0.05732484076433121
3 0.5673076923076923 0.18789808917197454 0.036057692307692304 0.050955414012738856
3 0.5072115384615384 0.21656050955414013 0.04567307692307692 0.07643312101910828
3 0.39903846153846156 0.2229299363057325 0.06009615384615385 0.07006369426751592
3 0.30528846153846156 0.24522292993630573 0.05048076923076923 0.07006369426751592
3 0.37259615384615385 0.27070063694267515 0.05048076923076923 0.03821656050955414
3 0.40384615384615385 0.29936305732484075 0.04326923076923077 0.06687898089171974
3 0.2668269230769231 0.3089171974522293 0.04567307692307692 0.044585987261146494
3 0.43028846153846156 0.33121019108280253 0.04326923076923077 0.050955414012738856
3 0.5360576923076923 0.3535031847133758 0.05048076923076923 0.06687898089171974
3 0.3629807692307692 0.37579617834394907 0.036057692307692304 0.05732484076433121
3 0.31971153846153844 0.39171974522292996 0.05048076923076923 0.050955414012738856
3 0.4423076923076923 0.4171974522292994 0.028846153846153848 0.050955414012738856