5 0.5649038461538461 0.4840764331210191 0.038461538461538464 0.04777070063694268
4 0.4567307692307692 0.5318471337579618 0.04567307692307692 0.08280254777070063
4 0.5120192307692307 0.6528662420382165 0.07692307692307693 0.08280254777070063
4 0.4831730769230769 0.732484076433121 0.0673076923076923 0.07643312101910828
5 0.5985576923076923 0.22929936305732485 0.021634615384615384 0.03503184713375796
0 0.3389423076923077 0.22929936305732485 0.038461538461538464 0.04777070063694268
5 0.5673076923076923 0.23248407643312102 0.036057692307692304 0.044585987261146494
5 0.43509615384615385 0.3503184713375796 0.04326923076923077 0.03503184713375796
5 0.5745192307692307 0.35668789808917195 0.05048076923076923 0.03821656050955414
4 0.19951923076923078 0.4140127388535032 0.07451923076923077 0.08280254777070063
4 0.28365384615384615 0.42356687898089174 0.0673076923076923 0.08280254777070063