5 0.6298076923076923 0.46178343949044587 0.028846153846153848 0.025477707006369428
5 0.36778846153846156 0.4840764331210191 0.038461538461538464 0.03821656050955414
5 0.3798076923076923 0.5254777070063694 0.04326923076923077 0.03503184713375796
5 0.39903846153846156 0.6273885350318471 0.06009615384615385 0.07643312101910828
5 0.24759615384615385 0.6369426751592356 0.04326923076923077 0.044585987261146494
3 0.7379807692307693 0.6401273885350318 0.057692307692307696 0.04777070063694268
1 0.6177884615384616 0.6464968152866242 0.03365384615384615 0.03503184713375796
5 0.27163461538461536 0.7452229299363057 0.036057692307692304 0.03821656050955414
5 0.47836538461538464 0.7515923566878981 0.038461538461538464 0.03503184713375796
5 0.3701923076923077 0.7611464968152867 0.036057692307692304 0.06687898089171974
4 0.5384615384615384 0.767515923566879 0.04567307692307692 0.04777070063694268
4 0.43509615384615385 0.802547770700637 0.04326923076923077 0.05732484076433121
1 0.5769230769230769 0.8057324840764332 0.038461538461538464 0.06050955414012739
3 0.6490384615384616 0.8121019108280255 0.057692307692307696 0.06687898089171974
1 0.375 0.8535031847133758 0.03365384615384615 0.050955414012738856
3 0.8677884615384616 0.8694267515923567 0.05048076923076923 0.050955414012738856
5 0.4543269230769231 0.910828025477707 0.036057692307692304 0.04777070063694268