5 0.45913461538461536 0.4778481012658228 0.038461538461538464 0.04430379746835443
5 0.5408653846153846 0.4778481012658228 0.028846153846153848 0.03481012658227848
5 0.28846153846153844 0.4810126582278481 0.028846153846153848 0.03481012658227848
5 0.3269230769230769 0.5126582278481012 0.028846153846153848 0.02531645569620253
5 0.37740384615384615 0.5284810126582279 0.03365384615384615 0.0379746835443038
3 0.5576923076923077 0.5284810126582279 0.052884615384615384 0.056962025316455694
5 0.4206730769230769 0.5443037974683544 0.038461538461538464 0.03481012658227848
5 0.6201923076923077 0.5569620253164557 0.036057692307692304 0.028481012658227847
3 0.4879807692307692 0.5791139240506329 0.05048076923076923 0.04746835443037975
5 0.4110576923076923 0.5886075949367089 0.038461538461538464 0.03481012658227848
5 0.3942307692307692 0.7151898734177216 0.04326923076923077 0.04430379746835443
5 0.7067307692307693 0.740506329113924 0.06009615384615385 0.04746835443037975
5 0.5096153846153846 0.759493670886076 0.04567307692307692 0.05063291139240506
5 0.5745192307692307 0.24367088607594936 0.036057692307692304 0.04430379746835443
5 0.3629807692307692 0.3037974683544304 0.03365384615384615 0.0379746835443038
5 0.43509615384615385 0.31329113924050633 0.038461538461538464 0.03481012658227848
5 0.44711538461538464 0.3575949367088608 0.026442307692307692 0.02531645569620253
5 0.5384615384615384 0.38924050632911394 0.03365384615384615 0.028481012658227847
5 0.36778846153846156 0.41139240506329117 0.04326923076923077 0.04430379746835443
3 0.28846153846153844 0.439873417721519 0.036057692307692304 0.04746835443037975