3 0.5889423076923077 0.45569620253164556 0.11778846153846154 0.07911392405063292
3 0.9014423076923077 0.4588607594936709 0.05048076923076923 0.09177215189873418
4 0.3894230769230769 0.5031645569620253 0.06971153846153846 0.06645569620253164
4 0.4735576923076923 0.5411392405063291 0.05048076923076923 0.05063291139240506
3 0.78125 0.5917721518987342 0.07451923076923077 0.09177215189873418
4 0.5600961538461539 0.6487341772151899 0.0673076923076923 0.08227848101265822
4 0.8052884615384616 0.9082278481012658 0.07451923076923077 0.07911392405063292
4 0.5504807692307693 0.9335443037974683 0.07451923076923077 0.0759493670886076
3 0.7836538461538461 0.12341772151898735 0.08653846153846154 0.06962025316455696
3 0.3173076923076923 0.13924050632911392 0.07692307692307693 0.08227848101265822
3 0.4519230769230769 0.18354430379746836 0.07451923076923077 0.08227848101265822
3 0.8076923076923077 0.23417721518987342 0.07932692307692307 0.056962025316455694
3 0.6730769230769231 0.24367088607594936 0.09375 0.12974683544303797
3 0.8365384615384616 0.31329113924050633 0.0625 0.0981012658227848
3 0.6442307692307693 0.36075949367088606 0.10096153846153846 0.0981012658227848
3 0.5480769230769231 0.370253164556962 0.04326923076923077 0.060126582278481014