5 0.3701923076923077 0.4588607594936709 0.028846153846153848 0.02531645569620253
5 0.6322115384615384 0.4810126582278481 0.038461538461538464 0.0379746835443038
5 0.6201923076923077 0.5221518987341772 0.04326923076923077 0.03481012658227848
5 0.6009615384615384 0.6234177215189873 0.06009615384615385 0.0759493670886076
5 0.7524038461538461 0.6329113924050633 0.04326923076923077 0.04430379746835443
3 0.2620192307692308 0.6360759493670886 0.057692307692307696 0.04746835443037975
1 0.38221153846153844 0.6424050632911392 0.03365384615384615 0.03481012658227848
5 0.7283653846153846 0.740506329113924 0.036057692307692304 0.0379746835443038
5 0.5216346153846154 0.7468354430379747 0.038461538461538464 0.03481012658227848
5 0.6298076923076923 0.7563291139240507 0.036057692307692304 0.06645569620253164
4 0.46153846153846156 0.7626582278481012 0.04567307692307692 0.04746835443037975
4 0.5649038461538461 0.7974683544303798 0.04326923076923077 0.056962025316455694
1 0.4230769230769231 0.8006329113924051 0.038461538461538464 0.060126582278481014
3 0.35096153846153844 0.8069620253164557 0.057692307692307696 0.06645569620253164
1 0.625 0.8481012658227848 0.03365384615384615 0.05063291139240506
3 0.13221153846153846 0.8639240506329114 0.05048076923076923 0.05063291139240506
5 0.5456730769230769 0.9050632911392406 0.036057692307692304 0.04746835443037975