3 0.6346153846153846 0.47151898734177217 0.06009615384615385 0.08227848101265822
0 0.9110576923076923 0.47151898734177217 0.057692307692307696 0.08227848101265822
0 0.9230769230769231 0.47468354430379744 0.04326923076923077 0.056962025316455694
3 0.3245192307692308 0.5727848101265823 0.08653846153846154 0.07911392405063292
4 0.16826923076923078 0.6265822784810127 0.06009615384615385 0.06962025316455696
4 0.07451923076923077 0.6582278481012658 0.05048076923076923 0.04746835443037975
3 0.42788461538461536 0.6867088607594937 0.0985576923076923 0.07911392405063292
4 0.15625 0.6867088607594937 0.052884615384615384 0.060126582278481014
4 0.15625 0.8354430379746836 0.04326923076923077 0.06962025316455696
0 0.6418269230769231 0.8639240506329114 0.06009615384615385 0.060126582278481014
4 0.28846153846153844 0.870253164556962 0.06009615384615385 0.06645569620253164
4 0.24759615384615385 0.9113924050632911 0.04567307692307692 0.060126582278481014
0 0.7403846153846154 0.24367088607594936 0.0673076923076923 0.08227848101265822
0 0.7475961538461539 0.2468354430379747 0.04567307692307692 0.056962025316455694
4 0.11538461538461539 0.3322784810126582 0.09375 0.09177215189873418
3 0.9591346153846154 0.3449367088607595 0.07451923076923077 0.056962025316455694
3 0.8822115384615384 0.3670886075949367 0.06009615384615385 0.07911392405063292