3 0.3798076923076923 0.4525316455696203 0.052884615384615384 0.028481012658227847
3 0.4519230769230769 0.49683544303797467 0.06971153846153846 0.04746835443037975
3 0.5384615384615384 0.560126582278481 0.04567307692307692 0.04746835443037975
3 0.34615384615384615 0.6107594936708861 0.052884615384615384 0.04746835443037975
0 0.6826923076923077 0.6645569620253164 0.052884615384615384 0.06645569620253164
4 0.46634615384615385 0.680379746835443 0.05048076923076923 0.06645569620253164
0 0.8990384615384616 0.6835443037974683 0.05048076923076923 0.05063291139240506
0 0.7427884615384616 0.7088607594936709 0.057692307692307696 0.06962025316455696
0 0.8701923076923077 0.7183544303797469 0.057692307692307696 0.056962025316455694
4 0.3004807692307692 0.7436708860759493 0.05048076923076923 0.0379746835443038
3 0.44471153846153844 0.8164556962025317 0.04567307692307692 0.06962025316455696
3 0.4110576923076923 0.8544303797468354 0.05048076923076923 0.04430379746835443
3 0.36778846153846156 0.8734177215189873 0.036057692307692304 0.06645569620253164
3 0.7259615384615384 0.9082278481012658 0.07932692307692307 0.04746835443037975
3 0.5504807692307693 0.15822784810126583 0.057692307692307696 0.06962025316455696
0 0.6177884615384616 0.20569620253164558 0.03365384615384615 0.056962025316455694
3 0.8413461538461539 0.3291139240506329 0.07692307692307693 0.06645569620253164
3 0.22596153846153846 0.370253164556962 0.06971153846153846 0.05063291139240506
3 0.7740384615384616 0.4272151898734177 0.052884615384615384 0.06962025316455696