3 0.7572115384615384 0.4873417721518987 0.06009615384615385 0.056962025316455694
3 0.8221153846153846 0.5189873417721519 0.04567307692307692 0.0981012658227848
3 0.5288461538461539 0.569620253164557 0.08653846153846154 0.08227848101265822
3 0.5913461538461539 0.6107594936708861 0.057692307692307696 0.09177215189873418
0 0.8197115384615384 0.6708860759493671 0.057692307692307696 0.08860759493670886
3 0.6081730769230769 0.8164556962025317 0.08653846153846154 0.12025316455696203
0 0.8004807692307693 0.8575949367088608 0.057692307692307696 0.06962025316455696
0 0.5144230769230769 0.12974683544303797 0.06971153846153846 0.07911392405063292
4 0.7379807692307693 0.2310126582278481 0.057692307692307696 0.06962025316455696
0 0.4182692307692308 0.3037974683544304 0.06971153846153846 0.08860759493670886
5 0.5504807692307693 0.3575949367088608 0.04326923076923077 0.060126582278481014
5 0.4879807692307692 0.379746835443038 0.05048076923076923 0.06962025316455696
5 0.5600961538461539 0.4177215189873418 0.052884615384615384 0.04746835443037975