2 0.6971153846153846 0.04777070063694268 0.05048076923076923 0.07006369426751592
1 0.5889423076923077 0.5477707006369427 0.05048076923076923 0.06050955414012739
1 0.0625 0.6369426751592356 0.038461538461538464 0.10191082802547771
1 0.19471153846153846 0.6464968152866242 0.06009615384615385 0.06050955414012739
4 0.16346153846153846 0.767515923566879 0.06971153846153846 0.07643312101910828
1 0.2692307692307692 0.7961783439490446 0.05048076923076923 0.06050955414012739
1 0.22596153846153846 0.856687898089172 0.052884615384615384 0.06687898089171974
1 0.28125 0.8980891719745223 0.038461538461538464 0.06687898089171974
4 0.7211538461538461 0.1624203821656051 0.052884615384615384 0.04777070063694268
1 0.13221153846153846 0.19745222929936307 0.04326923076923077 0.050955414012738856
1 0.2860576923076923 0.28343949044585987 0.038461538461538464 0.07006369426751592
1 0.06490384615384616 0.37579617834394907 0.0625 0.06050955414012739
2 0.3605769230769231 0.40764331210191085 0.07932692307692307 0.09872611464968153