1 0.7644230769230769 0.4525316455696203 0.04567307692307692 0.06645569620253164
1 0.17548076923076922 0.46835443037974683 0.026442307692307692 0.0379746835443038
1 0.7668269230769231 0.5126582278481012 0.04326923076923077 0.06962025316455696
1 0.09134615384615384 0.05063291139240506 0.04567307692307692 0.04430379746835443
1 0.1778846153846154 0.5411392405063291 0.038461538461538464 0.04746835443037975
1 0.23798076923076922 0.5474683544303798 0.038461538461538464 0.04746835443037975
1 0.7548076923076923 0.5949367088607594 0.036057692307692304 0.05063291139240506
1 0.19230769230769232 0.6107594936708861 0.04567307692307692 0.05063291139240506
1 0.6105769230769231 0.06329113924050633 0.026442307692307692 0.0379746835443038
1 0.8798076923076923 0.06329113924050633 0.03365384615384615 0.04746835443037975
1 0.21875 0.6487341772151899 0.04326923076923077 0.03481012658227848
3 0.6081730769230769 0.740506329113924 0.04567307692307692 0.056962025316455694
3 0.2764423076923077 0.7879746835443038 0.05048076923076923 0.060126582278481014
1 0.6899038461538461 0.8164556962025317 0.03365384615384615 0.056962025316455694
1 0.3293269230769231 0.8227848101265823 0.036057692307692304 0.05063291139240506
1 0.19951923076923078 0.08227848101265822 0.04567307692307692 0.03481012658227848
1 0.9110576923076923 0.09177215189873418 0.036057692307692304 0.056962025316455694
1 0.3798076923076923 0.9240506329113924 0.03365384615384615 0.056962025316455694
1 0.15625 0.0981012658227848 0.028846153846153848 0.05063291139240506
1 0.3701923076923077 0.10443037974683544 0.036057692307692304 0.04746835443037975
1 0.7379807692307693 0.11708860759493671 0.05048076923076923 0.08227848101265822
1 0.9639423076923077 0.11708860759493671 0.026442307692307692 0.056962025316455694
1 0.10817307692307693 0.012658227848101266 0.03365384615384615 0.02531645569620253
1 0.1466346153846154 0.1360759493670886 0.057692307692307696 0.060126582278481014
1 0.6081730769230769 0.14240506329113925 0.04567307692307692 0.06962025316455696
3 0.08413461538461539 0.14873417721518986 0.057692307692307696 0.08860759493670886
1 0.3389423076923077 0.14873417721518986 0.038461538461538464 0.056962025316455694
1 0.8557692307692307 0.1518987341772152 0.04567307692307692 0.04430379746835443
1 0.9615384615384616 0.15822784810126583 0.04567307692307692 0.04746835443037975
1 0.16826923076923078 0.25949367088607594 0.04326923076923077 0.0379746835443038
1 0.0889423076923077 0.2879746835443038 0.036057692307692304 0.03481012658227848
1 0.9110576923076923 0.0379746835443038 0.04326923076923077 0.04746835443037975
1 0.1201923076923077 0.0379746835443038 0.038461538461538464 0.0379746835443038
1 0.8798076923076923 0.379746835443038 0.03365384615384615 0.05063291139240506
1 0.15865384615384615 0.41455696202531644 0.038461538461538464 0.05063291139240506
1 0.6875 0.4240506329113924 0.04567307692307692 0.056962025316455694
1 0.8293269230769231 0.43670886075949367 0.038461538461538464 0.060126582278481014
1 0.12259615384615384 0.43670886075949367 0.028846153846153848 0.060126582278481014