5 0.59375 0.4462025316455696 0.052884615384615384 0.060126582278481014
5 0.27163461538461536 0.4462025316455696 0.06009615384615385 0.04430379746835443
5 0.22596153846153846 0.48417721518987344 0.05048076923076923 0.056962025316455694
5 0.6490384615384616 0.5063291139240507 0.0673076923076923 0.04746835443037975
4 0.6610576923076923 0.5886075949367089 0.057692307692307696 0.07911392405063292
4 0.5456730769230769 0.7088607594936709 0.052884615384615384 0.08227848101265822
0 0.7355769230769231 0.7531645569620253 0.06971153846153846 0.08227848101265822
0 0.3894230769230769 0.7879746835443038 0.06971153846153846 0.09177215189873418
5 0.45913461538461536 0.11392405063291139 0.05048076923076923 0.04746835443037975
5 0.6334134615384616 0.030063291139240507 0.040865384615384616 0.060126582278481014
5 0.7379807692307693 0.3670886075949367 0.0673076923076923 0.08227848101265822
5 0.5576923076923077 0.4208860759493671 0.038461538461538464 0.03481012658227848