5 0.9447115384615384 0.050955414012738856 0.0625 0.04777070063694268
3 0.8197115384615384 0.5 0.07692307692307693 0.11464968152866242
3 0.96875 0.6624203821656051 0.057692307692307696 0.10828025477707007
0 0.9302884615384616 0.7834394904458599 0.08653846153846154 0.08280254777070063
5 0.34375 0.821656050955414 0.021634615384615384 0.050955414012738856
0 0.6466346153846154 0.8407643312101911 0.06009615384615385 0.07961783439490445
5 0.5697115384615384 0.8407643312101911 0.03365384615384615 0.07006369426751592
5 0.6850961538461539 0.8757961783439491 0.03365384615384615 0.04777070063694268
5 0.6322115384615384 0.89171974522293 0.021634615384615384 0.03503184713375796
5 0.30288461538461536 0.9331210191082803 0.03365384615384615 0.04777070063694268
5 0.8677884615384616 0.20063694267515925 0.05048076923076923 0.06050955414012739
5 0.9399038461538461 0.30254777070063693 0.052884615384615384 0.06687898089171974
5 0.9699519230769231 0.3375796178343949 0.055288461538461536 0.050955414012738856