3 0.6730769230769231 0.4745222929936306 0.05048076923076923 0.050955414012738856
1 0.7451923076923077 0.47770700636942676 0.052884615384615384 0.05732484076433121
3 0.8269230769230769 0.5445859872611465 0.04567307692307692 0.050955414012738856
3 0.5120192307692307 0.5605095541401274 0.0625 0.05732484076433121
4 0.28125 0.5796178343949044 0.036057692307692304 0.050955414012738856
3 0.8341346153846154 0.5987261146496815 0.052884615384615384 0.050955414012738856
3 0.5504807692307693 0.5987261146496815 0.036057692307692304 0.06687898089171974
3 0.5240384615384616 0.6146496815286624 0.04326923076923077 0.06050955414012739
3 0.8221153846153846 0.6624203821656051 0.038461538461538464 0.03503184713375796
3 0.4831730769230769 0.6687898089171974 0.05048076923076923 0.04777070063694268
3 0.90625 0.7070063694267515 0.04567307692307692 0.06050955414012739
3 0.49759615384615385 0.7292993630573248 0.04567307692307692 0.07961783439490445
4 0.36778846153846156 0.11464968152866242 0.04567307692307692 0.07961783439490445
0 0.9038461538461539 0.15286624203821655 0.04326923076923077 0.06050955414012739
0 0.7692307692307693 0.2070063694267516 0.07692307692307693 0.07643312101910828
3 0.4254807692307692 0.22929936305732485 0.0625 0.07961783439490445
3 0.6129807692307693 0.33121019108280253 0.052884615384615384 0.06050955414012739
3 0.4495192307692308 0.3630573248407643 0.09375 0.07961783439490445
3 0.7163461538461539 0.3630573248407643 0.0673076923076923 0.07006369426751592
3 0.6105769230769231 0.37261146496815284 0.0625 0.050955414012738856
3 0.7091346153846154 0.410828025477707 0.052884615384615384 0.05732484076433121
3 0.4831730769230769 0.4140127388535032 0.0625 0.07006369426751592
3 0.5552884615384616 0.4140127388535032 0.038461538461538464 0.05732484076433121