5 0.3798076923076923 0.5 0.04567307692307692 0.050955414012738856
0 0.33413461538461536 0.5063694267515924 0.052884615384615384 0.06687898089171974
0 0.5721153846153846 0.5382165605095541 0.04567307692307692 0.07643312101910828
5 0.41346153846153844 0.643312101910828 0.052884615384615384 0.06050955414012739
5 0.37740384615384615 0.6687898089171974 0.036057692307692304 0.04777070063694268
0 0.23557692307692307 0.7388535031847133 0.0673076923076923 0.04777070063694268
5 0.27884615384615385 0.8280254777070064 0.04326923076923077 0.03503184713375796
2 0.0985576923076923 0.9076433121019108 0.08413461538461539 0.10509554140127389
0 0.5889423076923077 0.9235668789808917 0.0625 0.06687898089171974
0 0.31971153846153844 0.1592356687898089 0.05048076923076923 0.03821656050955414
0 0.07692307692307693 0.37579617834394907 0.05048076923076923 0.04777070063694268
0 0.052884615384615384 0.4299363057324841 0.038461538461538464 0.044585987261146494