5 0.5408653846153846 0.48089171974522293 0.038461538461538464 0.044585987261146494
5 0.45913461538461536 0.48089171974522293 0.028846153846153848 0.03503184713375796
5 0.7115384615384616 0.4840764331210191 0.028846153846153848 0.03503184713375796
5 0.6730769230769231 0.5159235668789809 0.028846153846153848 0.025477707006369428
5 0.6225961538461539 0.5318471337579618 0.03365384615384615 0.03821656050955414
3 0.4423076923076923 0.5318471337579618 0.052884615384615384 0.05732484076433121
5 0.5793269230769231 0.5477707006369427 0.038461538461538464 0.03503184713375796
5 0.3798076923076923 0.5605095541401274 0.036057692307692304 0.028662420382165606
3 0.5120192307692307 0.5828025477707006 0.05048076923076923 0.04777070063694268
5 0.5889423076923077 0.5923566878980892 0.038461538461538464 0.03503184713375796
5 0.6057692307692307 0.7197452229299363 0.04326923076923077 0.044585987261146494
5 0.2932692307692308 0.7452229299363057 0.06009615384615385 0.04777070063694268
5 0.49038461538461536 0.7643312101910829 0.04567307692307692 0.050955414012738856
5 0.4254807692307692 0.24522292993630573 0.036057692307692304 0.044585987261146494
5 0.6370192307692307 0.3057324840764331 0.03365384615384615 0.03821656050955414
5 0.5649038461538461 0.31528662420382164 0.038461538461538464 0.03503184713375796
5 0.5528846153846154 0.35987261146496813 0.026442307692307692 0.025477707006369428
5 0.46153846153846156 0.39171974522292996 0.03365384615384615 0.028662420382165606
5 0.6322115384615384 0.4140127388535032 0.04326923076923077 0.044585987261146494
3 0.7115384615384616 0.4426751592356688 0.036057692307692304 0.04777070063694268