3 0.24278846153846154 0.49044585987261147 0.06009615384615385 0.05732484076433121
3 0.1778846153846154 0.5222929936305732 0.04567307692307692 0.09872611464968153
3 0.47115384615384615 0.5732484076433121 0.08653846153846154 0.08280254777070063
3 0.40865384615384615 0.6146496815286624 0.057692307692307696 0.09235668789808917
0 0.18028846153846154 0.6751592356687898 0.057692307692307696 0.08917197452229299
3 0.3918269230769231 0.821656050955414 0.08653846153846154 0.12101910828025478
0 0.19951923076923078 0.8630573248407644 0.057692307692307696 0.07006369426751592
0 0.4855769230769231 0.1305732484076433 0.06971153846153846 0.07961783439490445
4 0.2620192307692308 0.23248407643312102 0.057692307692307696 0.07006369426751592
0 0.5817307692307693 0.3057324840764331 0.06971153846153846 0.08917197452229299
5 0.4495192307692308 0.35987261146496813 0.04326923076923077 0.06050955414012739
5 0.5120192307692307 0.3821656050955414 0.05048076923076923 0.07006369426751592
5 0.43990384615384615 0.42038216560509556 0.052884615384615384 0.04777070063694268