2 0.7956730769230769 0.47151898734177217 0.057692307692307696 0.060126582278481014
3 0.27403846153846156 0.5 0.06009615384615385 0.11392405063291139
4 0.8413461538461539 0.5759493670886076 0.06009615384615385 0.05063291139240506
4 0.7788461538461539 0.6265822784810127 0.021634615384615384 0.03481012658227848
4 0.46634615384615385 0.629746835443038 0.06971153846153846 0.060126582278481014
4 0.6081730769230769 0.6360759493670886 0.06009615384615385 0.09177215189873418
2 0.07692307692307693 0.6455696202531646 0.07451923076923077 0.09177215189873418
4 0.5216346153846154 0.6487341772151899 0.06009615384615385 0.06962025316455696
4 0.7572115384615384 0.7151898734177216 0.038461538461538464 0.05063291139240506
4 0.8365384615384616 0.75 0.04567307692307692 0.0379746835443038
4 0.5745192307692307 0.7784810126582279 0.0625 0.04746835443037975
4 0.5384615384615384 0.7911392405063291 0.052884615384615384 0.060126582278481014
2 0.8557692307692307 0.439873417721519 0.05048076923076923 0.060126582278481014