3 0.34615384615384615 0.4651898734177215 0.052884615384615384 0.08860759493670886
3 0.43990384615384615 0.46835443037974683 0.06971153846153846 0.07911392405063292
3 0.27163461538461536 0.47468354430379744 0.06009615384615385 0.06645569620253164
3 0.5288461538461539 0.5316455696202531 0.06009615384615385 0.05063291139240506
3 0.7788461538461539 0.5411392405063291 0.05048076923076923 0.060126582278481014
3 0.6177884615384616 0.5443037974683544 0.04567307692307692 0.07911392405063292
3 0.7139423076923077 0.5506329113924051 0.06009615384615385 0.09177215189873418
3 0.5120192307692307 0.6012658227848101 0.04567307692307692 0.056962025316455694
3 0.3245192307692308 0.6075949367088608 0.036057692307692304 0.07911392405063292
3 0.8221153846153846 0.6329113924050633 0.06009615384615385 0.06962025316455696
3 0.4182692307692308 0.6360759493670886 0.06971153846153846 0.056962025316455694
3 0.9471153846153846 0.6740506329113924 0.07451923076923077 0.060126582278481014
3 0.8701923076923077 0.680379746835443 0.06009615384615385 0.0759493670886076
3 0.9591346153846154 0.740506329113924 0.06009615384615385 0.07911392405063292
3 0.6514423076923077 0.7626582278481012 0.052884615384615384 0.04746835443037975
3 0.8485576923076923 0.7784810126582279 0.0673076923076923 0.08860759493670886
3 0.3173076923076923 0.8037974683544303 0.06971153846153846 0.07911392405063292
3 0.5985576923076923 0.15822784810126583 0.0625 0.08227848101265822
3 0.49278846153846156 0.1930379746835443 0.05048076923076923 0.08227848101265822
3 0.6057692307692307 0.25949367088607594 0.05048076923076923 0.08860759493670886
3 0.6610576923076923 0.26582278481012656 0.04326923076923077 0.056962025316455694
3 0.6418269230769231 0.030063291139240507 0.0625 0.060126582278481014
3 0.4807692307692308 0.3512658227848101 0.052884615384615384 0.06962025316455696
3 0.6754807692307693 0.3670886075949367 0.06971153846153846 0.07911392405063292
3 0.3173076923076923 0.37341772151898733 0.07692307692307693 0.0981012658227848
3 0.23317307692307693 0.379746835443038 0.04567307692307692 0.08227848101265822