3 0.1875 0.4745222929936306 0.06971153846153846 0.07643312101910828
0 0.2668269230769231 0.5 0.052884615384615384 0.06687898089171974
2 0.8173076923076923 0.7388535031847133 0.07451923076923077 0.07643312101910828
2 0.7091346153846154 0.7929936305732485 0.0673076923076923 0.06050955414012739
3 0.8173076923076923 0.08280254777070063 0.052884615384615384 0.06687898089171974
2 0.28125 0.8343949044585988 0.07692307692307693 0.06687898089171974
3 0.1346153846153846 0.19745222929936307 0.04567307692307692 0.09235668789808917
3 0.1875 0.2356687898089172 0.052884615384615384 0.07006369426751592
5 0.6514423076923077 0.2770700636942675 0.04326923076923077 0.050955414012738856
4 0.5769230769230769 0.321656050955414 0.038461538461538464 0.050955414012738856
3 0.6682692307692307 0.3343949044585987 0.0673076923076923 0.05732484076433121
3 0.12980769230769232 0.39171974522292996 0.05048076923076923 0.07006369426751592
4 0.6802884615384616 0.3980891719745223 0.08413461538461539 0.08917197452229299
0 0.7451923076923077 0.42356687898089174 0.05048076923076923 0.04777070063694268
0 0.8028846153846154 0.43630573248407645 0.06009615384615385 0.06050955414012739