5 0.6201923076923077 0.49683544303797467 0.04567307692307692 0.05063291139240506
0 0.6658653846153846 0.5031645569620253 0.052884615384615384 0.06645569620253164
0 0.42788461538461536 0.5348101265822784 0.04567307692307692 0.0759493670886076
5 0.5865384615384616 0.6392405063291139 0.052884615384615384 0.060126582278481014
5 0.6225961538461539 0.6645569620253164 0.036057692307692304 0.04746835443037975
0 0.7644230769230769 0.7341772151898734 0.0673076923076923 0.04746835443037975
5 0.7211538461538461 0.8227848101265823 0.04326923076923077 0.03481012658227848
2 0.9014423076923077 0.9018987341772152 0.08413461538461539 0.10443037974683544
0 0.4110576923076923 0.9177215189873418 0.0625 0.06645569620253164
0 0.6802884615384616 0.15822784810126583 0.05048076923076923 0.0379746835443038
0 0.9230769230769231 0.37341772151898733 0.05048076923076923 0.04746835443037975
0 0.9471153846153846 0.4272151898734177 0.038461538461538464 0.04430379746835443