0 0.5144230769230769 0.4588607594936709 0.04326923076923077 0.04430379746835443
0 0.4543269230769231 0.4651898734177215 0.06009615384615385 0.05063291139240506
0 0.6730769230769231 0.47151898734177217 0.0673076923076923 0.06645569620253164
0 0.5168269230769231 0.5126582278481012 0.06971153846153846 0.06645569620253164
0 0.65625 0.5253164556962026 0.0625 0.06962025316455696
0 0.8509615384615384 0.5443037974683544 0.057692307692307696 0.06962025316455696
0 0.23076923076923078 0.5443037974683544 0.07451923076923077 0.07911392405063292
0 0.4567307692307692 0.5506329113924051 0.0625 0.07911392405063292
0 0.7620192307692307 0.5569620253164557 0.05048076923076923 0.056962025316455694
0 0.17307692307692307 0.569620253164557 0.07932692307692307 0.10126582278481013
0 0.5745192307692307 0.5917721518987342 0.052884615384615384 0.0759493670886076
0 0.5192307692307693 0.5949367088607594 0.052884615384615384 0.06645569620253164
0 0.6081730769230769 0.6455696202531646 0.036057692307692304 0.056962025316455694
0 0.29086538461538464 0.6645569620253164 0.06009615384615385 0.08860759493670886
0 0.3557692307692308 0.740506329113924 0.052884615384615384 0.060126582278481014
0 0.7475961538461539 0.8512658227848101 0.06009615384615385 0.08227848101265822
0 0.46875 0.0981012658227848 0.07451923076923077 0.06962025316455696
0 0.47596153846153844 0.15822784810126583 0.07932692307692307 0.04746835443037975
0 0.5961538461538461 0.16772151898734178 0.057692307692307696 0.08860759493670886
0 0.36778846153846156 0.21518987341772153 0.07692307692307693 0.10126582278481013
0 0.47836538461538464 0.24367088607594936 0.0673076923076923 0.07911392405063292
0 0.5528846153846154 0.2974683544303797 0.0673076923076923 0.08227848101265822
0 0.44711538461538464 0.3322784810126582 0.07932692307692307 0.0759493670886076
0 0.6490384615384616 0.39556962025316456 0.06009615384615385 0.06645569620253164
0 0.7548076923076923 0.3987341772151899 0.0673076923076923 0.10126582278481013