3 0.9447115384615384 0.31654676258992803 0.036057692307692304 0.046762589928057555
3 0.5913461538461539 0.35611510791366907 0.06490384615384616 0.08633093525179857
1 0.4206730769230769 0.38489208633093525 0 0
4 0.4230769230769231 0.39568345323741005 0.040865384615384616 0.0539568345323741
3 0.5697115384615384 0.04316546762589928 0.03125 0.05755395683453238
1 0.6298076923076923 0.4712230215827338 0.036057692307692304 0.046762589928057555
1 0.4807692307692308 0.4748201438848921 0.040865384615384616 0.0539568345323741
1 0.6706730769230769 0.48201438848920863 0.04326923076923077 0.050359712230215826
1 0.5793269230769231 0.49640287769784175 0.038461538461538464 0.0683453237410072
1 0.6274038461538461 0.5287769784172662 0.0625 0.07553956834532374
3 0.30528846153846156 0.5611510791366906 0.036057692307692304 0.050359712230215826
5 0.25 0.5755395683453237 0.026442307692307692 0.02877697841726619
1 0.5408653846153846 0.6115107913669064 0.055288461538461536 0.06115107913669065
1 0.6225961538461539 0.6366906474820144 0.040865384615384616 0.05755395683453238
1 0.49278846153846156 0.6690647482014388 0.0625 0.07553956834532374
3 0.30288461538461536 0.6798561151079137 0.04326923076923077 0.039568345323741004
5 0.2283653846153846 0.8093525179856115 0.019230769230769232 0.03597122302158273
5 0.44471153846153844 0.10431654676258993 0.028846153846153848 0.03237410071942446
3 0.5769230769230769 0.1079136690647482 0.03125 0.050359712230215826
5 0.4807692307692308 0.14388489208633093 0.02403846153846154 0.03597122302158273
5 0.5240384615384616 0.1618705035971223 0.021634615384615384 0.03597122302158273
3 0.4735576923076923 0.019784172661870502 0.052884615384615384 0.039568345323741004
1 0.6706730769230769 0.20863309352517986 0.0673076923076923 0.11870503597122302