3 0.055288461538461536 0.3176895306859206 0.036057692307692304 0.04693140794223827
3 0.40865384615384615 0.3574007220216607 0.06490384615384616 0.08664259927797834
1 0.5793269230769231 0.3862815884476534 0 0
4 0.5769230769230769 0.3971119133574007 0.040865384615384616 0.05415162454873646
3 0.43028846153846156 0.04332129963898917 0.03125 0.05776173285198556
1 0.3701923076923077 0.4729241877256318 0.036057692307692304 0.04693140794223827
1 0.5192307692307693 0.47653429602888087 0.040865384615384616 0.05415162454873646
1 0.3293269230769231 0.48375451263537905 0.04326923076923077 0.05054151624548736
1 0.4206730769230769 0.4981949458483754 0.038461538461538464 0.06859205776173286
1 0.37259615384615385 0.5306859205776173 0.0625 0.07581227436823104
3 0.6947115384615384 0.5631768953068592 0.036057692307692304 0.05054151624548736
5 0.75 0.5776173285198556 0.026442307692307692 0.02888086642599278
1 0.45913461538461536 0.6137184115523465 0.055288461538461536 0.061371841155234655
1 0.37740384615384615 0.6389891696750902 0.040865384615384616 0.05776173285198556
1 0.5072115384615384 0.6714801444043321 0.0625 0.07581227436823104
3 0.6971153846153846 0.6823104693140795 0.04326923076923077 0.039711191335740074
5 0.7716346153846154 0.8122743682310469 0.019230769230769232 0.036101083032490974
5 0.5552884615384616 0.10469314079422383 0.028846153846153848 0.032490974729241874
3 0.4230769230769231 0.10830324909747292 0.03125 0.05054151624548736
5 0.5192307692307693 0.1444043321299639 0.02403846153846154 0.036101083032490974
5 0.47596153846153844 0.1624548736462094 0.021634615384615384 0.036101083032490974
3 0.5264423076923077 0.019855595667870037 0.052884615384615384 0.039711191335740074
1 0.3293269230769231 0.20938628158844766 0.0673076923076923 0.11913357400722022