3 0.375 0.5579710144927537 0.05048076923076923 0.07608695652173914
3 0.53125 0.5615942028985508 0.036057692307692304 0.04710144927536232
3 0.4543269230769231 0.605072463768116 0.04567307692307692 0.057971014492753624
3 0.18269230769230768 0.6123188405797102 0.057692307692307696 0.06521739130434782
3 0.3605769230769231 0.6231884057971014 0.04326923076923077 0.06521739130434782
3 0.5 0.6557971014492754 0.04567307692307692 0.06521739130434782
3 0.3918269230769231 0.6847826086956522 0.04567307692307692 0.036231884057971016
3 0.11298076923076923 0.717391304347826 0.06009615384615385 0.07608695652173914
3 0.44711538461538464 0.7536231884057971 0.038461538461538464 0.057971014492753624
3 0.47836538461538464 0.782608695652174 0.0673076923076923 0.05434782608695652
3 0.6346153846153846 0.8768115942028986 0.0673076923076923 0.06884057971014493
3 0.5600961538461539 0.9021739130434783 0.04326923076923077 0.05434782608695652
3 0.12740384615384615 0.9094202898550725 0.038461538461538464 0.07608695652173914
3 0.4326923076923077 0.3115942028985507 0.04567307692307692 0.057971014492753624
3 0.3557692307692308 0.40217391304347827 0.06009615384615385 0.08695652173913043
3 0.47115384615384615 0.427536231884058 0.05048076923076923 0.057971014492753624
3 0.11778846153846154 0.4311594202898551 0.05048076923076923 0.07608695652173914
3 0.21394230769230768 0.4746376811594203 0.0673076923076923 0.08695652173913043
3 0.09134615384615384 0.4746376811594203 0.04567307692307692 0.043478260869565216
3 0.5240384615384616 0.5144927536231884 0.05048076923076923 0.04710144927536232