3 0.625 0.5539568345323741 0.05048076923076923 0.07553956834532374
3 0.46875 0.5575539568345323 0.036057692307692304 0.046762589928057555
3 0.5456730769230769 0.6007194244604317 0.04567307692307692 0.05755395683453238
3 0.8173076923076923 0.6079136690647482 0.057692307692307696 0.06474820143884892
3 0.6394230769230769 0.6187050359712231 0.04326923076923077 0.06474820143884892
3 0.5 0.6510791366906474 0.04567307692307692 0.06474820143884892
3 0.6081730769230769 0.6798561151079137 0.04567307692307692 0.03597122302158273
3 0.8870192307692307 0.7122302158273381 0.06009615384615385 0.07553956834532374
3 0.5528846153846154 0.7482014388489209 0.038461538461538464 0.05755395683453238
3 0.5216346153846154 0.7769784172661871 0.0673076923076923 0.0539568345323741
3 0.36538461538461536 0.8705035971223022 0.0673076923076923 0.0683453237410072
3 0.43990384615384615 0.89568345323741 0.04326923076923077 0.0539568345323741
3 0.8725961538461539 0.9028776978417267 0.038461538461538464 0.07553956834532374
3 0.5673076923076923 0.30935251798561153 0.04567307692307692 0.05755395683453238
3 0.6442307692307693 0.39928057553956836 0.06009615384615385 0.08633093525179857
3 0.5288461538461539 0.4244604316546763 0.05048076923076923 0.05755395683453238
3 0.8822115384615384 0.42805755395683454 0.05048076923076923 0.07553956834532374
3 0.7860576923076923 0.4712230215827338 0.0673076923076923 0.08633093525179857
3 0.9086538461538461 0.4712230215827338 0.04567307692307692 0.04316546762589928
3 0.47596153846153844 0.5107913669064749 0.05048076923076923 0.046762589928057555