4 0.9110576923076923 0.40384615384615385 0.12740384615384615 0.1510989010989011
0 0.3557692307692308 0.42857142857142855 0.06009615384615385 0.06593406593406594
0 0.59375 0.5357142857142857 0.0673076923076923 0.06593406593406594
3 0.5985576923076923 0.6126373626373627 0.13221153846153846 0.12087912087912088
0 0.8197115384615384 0.6538461538461539 0.0985576923076923 0.06868131868131869
3 0.35096153846153844 0.7197802197802198 0.11057692307692307 0.11813186813186813
3 0.5072115384615384 0.7252747252747253 0.13221153846153846 0.10714285714285714
3 0.65625 0.7554945054945055 0.15384615384615385 0.12912087912087913
3 0.21875 0.7967032967032966 0.14182692307692307 0.13186813186813187
3 0.5168269230769231 0.8434065934065934 0.1346153846153846 0.1043956043956044
4 0.4014423076923077 0.9010989010989011 0.07692307692307693 0.06868131868131869