5 0.7235576923076923 0.5683453237410072 0.028846153846153848 0.04316546762589928
5 0.34375 0.579136690647482 0.036057692307692304 0.04316546762589928
5 0.6826923076923077 0.5863309352517986 0.028846153846153848 0.0539568345323741
5 0.5072115384615384 0.5899280575539568 0.04326923076923077 0.04316546762589928
0 0.71875 0.6258992805755396 0.06490384615384616 0.08992805755395683
5 0.2548076923076923 0.6294964028776978 0.02403846153846154 0.04316546762589928
5 0.31490384615384615 0.6294964028776978 0.021634615384615384 0.04316546762589928
5 0.34375 0.6726618705035972 0.036057692307692304 0.0539568345323741
5 0.6610576923076923 0.6834532374100719 0.028846153846153848 0.04316546762589928
5 0.8052884615384616 0.7302158273381295 0.028846153846153848 0.046762589928057555
5 0.25 0.8093525179856115 0.036057692307692304 0.0539568345323741
5 0.25240384615384615 0.9136690647482014 0.036057692307692304 0.04316546762589928
5 0.6682692307692307 0.08992805755395683 0.021634615384615384 0.04316546762589928
5 0.5360576923076923 0.12589928057553956 0.021634615384615384 0.03597122302158273
5 0.6394230769230769 0.1474820143884892 0.021634615384615384 0.03597122302158273
5 0.6225961538461539 0.16546762589928057 0.016826923076923076 0.03237410071942446
5 0.43509615384615385 0.17985611510791366 0.028846153846153848 0.046762589928057555
5 0.6923076923076923 0.17985611510791366 0.02403846153846154 0.03597122302158273
5 0.6706730769230769 0.20863309352517986 0.028846153846153848 0.03597122302158273
5 0.6706730769230769 0.2589928057553957 0.021634615384615384 0.03237410071942446
5 0.5817307692307693 0.2841726618705036 0.021634615384615384 0.025179856115107913
5 0.65625 0.3057553956834532 0.016826923076923076 0.025179856115107913
5 0.5168269230769231 0.3237410071942446 0.03125 0.046762589928057555
5 0.5841346153846154 0.3345323741007194 0.021634615384615384 0.03237410071942446
5 0.6298076923076923 0.3345323741007194 0.016826923076923076 0.04316546762589928
5 0.75 0.35611510791366907 0.02403846153846154 0.046762589928057555
5 0.6826923076923077 0.35611510791366907 0.021634615384615384 0.03237410071942446
5 0.3293269230769231 0.42805755395683454 0.036057692307692304 0.0539568345323741
5 0.6033653846153846 0.4460431654676259 0.02403846153846154 0.03237410071942446
5 0.4230769230769231 0.4568345323741007 0.036057692307692304 0.0539568345323741
5 0.5432692307692307 0.4568345323741007 0.016826923076923076 0.03237410071942446
5 0.39903846153846156 0.5359712230215827 0.028846153846153848 0.046762589928057555