5 0.2764423076923077 0.572463768115942 0.028846153846153848 0.043478260869565216
5 0.65625 0.5833333333333334 0.036057692307692304 0.043478260869565216
5 0.3173076923076923 0.5905797101449275 0.028846153846153848 0.05434782608695652
5 0.49278846153846156 0.5942028985507246 0.04326923076923077 0.043478260869565216
0 0.28125 0.6304347826086957 0.06490384615384616 0.09057971014492754
5 0.7451923076923077 0.6340579710144928 0.02403846153846154 0.043478260869565216
5 0.6850961538461539 0.6340579710144928 0.021634615384615384 0.043478260869565216
5 0.65625 0.677536231884058 0.036057692307692304 0.05434782608695652
5 0.3389423076923077 0.6884057971014492 0.028846153846153848 0.043478260869565216
5 0.19471153846153846 0.7355072463768116 0.028846153846153848 0.04710144927536232
5 0.75 0.8152173913043478 0.036057692307692304 0.05434782608695652
5 0.7475961538461539 0.9202898550724637 0.036057692307692304 0.043478260869565216
5 0.3317307692307692 0.09057971014492754 0.021634615384615384 0.043478260869565216
5 0.4639423076923077 0.12681159420289856 0.021634615384615384 0.036231884057971016
5 0.3605769230769231 0.14855072463768115 0.021634615384615384 0.036231884057971016
5 0.37740384615384615 0.16666666666666666 0.016826923076923076 0.03260869565217391
5 0.5649038461538461 0.18115942028985507 0.028846153846153848 0.04710144927536232
5 0.3076923076923077 0.18115942028985507 0.02403846153846154 0.036231884057971016
5 0.3293269230769231 0.21014492753623187 0.028846153846153848 0.036231884057971016
5 0.3293269230769231 0.2608695652173913 0.021634615384615384 0.03260869565217391
5 0.4182692307692308 0.286231884057971 0.021634615384615384 0.025362318840579712
5 0.34375 0.3079710144927536 0.016826923076923076 0.025362318840579712
5 0.4831730769230769 0.32608695652173914 0.03125 0.04710144927536232
5 0.41586538461538464 0.33695652173913043 0.021634615384615384 0.03260869565217391
5 0.3701923076923077 0.33695652173913043 0.016826923076923076 0.043478260869565216
5 0.25 0.358695652173913 0.02403846153846154 0.04710144927536232
5 0.3173076923076923 0.358695652173913 0.021634615384615384 0.03260869565217391
5 0.6706730769230769 0.4311594202898551 0.036057692307692304 0.05434782608695652
5 0.39663461538461536 0.4492753623188406 0.02403846153846154 0.03260869565217391
5 0.5769230769230769 0.4601449275362319 0.036057692307692304 0.05434782608695652
5 0.4567307692307692 0.4601449275362319 0.016826923076923076 0.03260869565217391
5 0.6009615384615384 0.5398550724637681 0.028846153846153848 0.04710144927536232