4 0.8846153846153846 0.15625 0.09375 0.10576923076923077
4 0.8076923076923077 0.15865384615384615 0.07211538461538461 0.07932692307692307
4 0.7548076923076923 0.19951923076923078 0.08173076923076923 0.0889423076923077
4 0.1971153846153846 0.23076923076923078 0.11538461538461539 0.07211538461538461
4 0.7307692307692307 0.3245192307692308 0.12980769230769232 0.12259615384615384
4 0.4639423076923077 0.34615384615384615 0.07932692307692307 0.0673076923076923
4 0.5961538461538461 0.46153846153846156 0.13221153846153846 0.11778846153846154
4 0.2283653846153846 0.49278846153846156 0.14903846153846154 0.11057692307692307
4 0.6610576923076923 0.5168269230769231 0.07692307692307693 0.07451923076923077
4 0.7668269230769231 0.6850961538461539 0.12980769230769232 0.11538461538461539
4 0.4014423076923077 0.6899038461538461 0.0625 0.057692307692307696
4 0.5625 0.7043269230769231 0.08173076923076923 0.057692307692307696
4 0.2980769230769231 0.7211538461538461 0.07211538461538461 0.052884615384615384
4 0.04807692307692308 0.7427884615384616 0.09615384615384616 0.08173076923076923
4 0.43028846153846156 0.7427884615384616 0.07692307692307693 0.0625
4 0.1201923076923077 0.7788461538461539 0.06971153846153846 0.040865384615384616
4 0.7908653846153846 0.9110576923076923 0.07692307692307693 0.0625
4 0.15384615384615385 0.9471153846153846 0.07211538461538461 0.052884615384615384