4 0.11538461538461539 0.15625 0.09375 0.10576923076923077
4 0.19230769230769232 0.15865384615384615 0.07211538461538461 0.07932692307692307
4 0.24519230769230768 0.19951923076923078 0.08173076923076923 0.0889423076923077
4 0.8028846153846154 0.23076923076923078 0.11538461538461539 0.07211538461538461
4 0.2692307692307692 0.3245192307692308 0.12980769230769232 0.12259615384615384
4 0.5360576923076923 0.34615384615384615 0.07932692307692307 0.0673076923076923
4 0.40384615384615385 0.46153846153846156 0.13221153846153846 0.11778846153846154
4 0.7716346153846154 0.49278846153846156 0.14903846153846154 0.11057692307692307
4 0.3389423076923077 0.5168269230769231 0.07692307692307693 0.07451923076923077
4 0.23317307692307693 0.6850961538461539 0.12980769230769232 0.11538461538461539
4 0.5985576923076923 0.6899038461538461 0.0625 0.057692307692307696
4 0.4375 0.7043269230769231 0.08173076923076923 0.057692307692307696
4 0.7019230769230769 0.7211538461538461 0.07211538461538461 0.052884615384615384
4 0.9507211538461539 0.7439903846153846 0.09375 0.08413461538461539
4 0.5697115384615384 0.7427884615384616 0.07692307692307693 0.0625
4 0.8798076923076923 0.7788461538461539 0.06971153846153846 0.040865384615384616
4 0.2091346153846154 0.9110576923076923 0.07692307692307693 0.0625
4 0.8461538461538461 0.9471153846153846 0.07211538461538461 0.052884615384615384