3 0.4230769230769231 0.39090909090909093 0.052884615384615384 0.07272727272727272
3 0.3245192307692308 0.39545454545454545 0.057692307692307696 0.11363636363636363
3 0.20432692307692307 0.45454545454545453 0.04807692307692308 0.06818181818181818
3 0.2956730769230769 0.4772727272727273 0.04807692307692308 0.09090909090909091
3 0.40625 0.55 0.04326923076923077 0.09090909090909091
3 0.3605769230769231 0.5636363636363636 0.0625 0.09545454545454546
3 0.29086538461538464 0.5636363636363636 0.03365384615384615 0.05454545454545454
3 0.5649038461538461 0.5727272727272728 0.07932692307692307 0.11818181818181818
3 0.33653846153846156 0.6136363636363636 0.04326923076923077 0.08636363636363636
3 0.4375 0.6590909090909091 0.057692307692307696 0.06818181818181818
3 0.28846153846153844 0.06818181818181818 0.04326923076923077 0.06818181818181818
4 0.4639423076923077 0.7818181818181819 0.057692307692307696 0.08181818181818182
3 0.4831730769230769 0.12727272727272726 0.04326923076923077 0.07727272727272727
3 0.4266826923076923 0.025 0.05048076923076923 0.05
3 0.2956730769230769 0.2818181818181818 0.05048076923076923 0.09090909090909091
3 0.36778846153846156 0.30454545454545456 0.04807692307692308 0.07272727272727272