3 0.5769230769230769 0.38738738738738737 0.052884615384615384 0.07207207207207207
3 0.6754807692307693 0.3918918918918919 0.057692307692307696 0.11261261261261261
3 0.7956730769230769 0.45045045045045046 0.04807692307692308 0.06756756756756757
3 0.7043269230769231 0.47297297297297297 0.04807692307692308 0.09009009009009009
3 0.59375 0.545045045045045 0.04326923076923077 0.09009009009009009
3 0.6394230769230769 0.5585585585585585 0.0625 0.0945945945945946
3 0.7091346153846154 0.5585585585585585 0.03365384615384615 0.05405405405405406
3 0.43509615384615385 0.5675675675675675 0.07932692307692307 0.11711711711711711
3 0.6634615384615384 0.6081081081081081 0.04326923076923077 0.08558558558558559
3 0.5625 0.6531531531531531 0.057692307692307696 0.06756756756756757
3 0.7115384615384616 0.06756756756756757 0.04326923076923077 0.06756756756756757
4 0.5360576923076923 0.7747747747747747 0.057692307692307696 0.08108108108108109
3 0.5168269230769231 0.12612612612612611 0.04326923076923077 0.07657657657657657
3 0.5733173076923077 0.024774774774774775 0.05048076923076923 0.04954954954954955
3 0.7043269230769231 0.27927927927927926 0.05048076923076923 0.09009009009009009
3 0.6322115384615384 0.30180180180180183 0.04807692307692308 0.07207207207207207