5 0.3125 0.42857142857142855 0.03125 0.03759398496240601
5 0.6442307692307693 0.09022556390977443 0.03365384615384615 0.05639097744360902
5 0.6129807692307693 0.14661654135338345 0.01201923076923077 0.03383458646616541
5 0.5985576923076923 0.16917293233082706 0.026442307692307692 0.045112781954887216
5 0.6658653846153846 0.18045112781954886 0.036057692307692304 0.041353383458646614
5 0.6418269230769231 0.20676691729323307 0.021634615384615384 0.03759398496240601
5 0.6442307692307693 0.2593984962406015 0.021634615384615384 0.041353383458646614
5 0.5576923076923077 0.2857142857142857 0.02403846153846154 0.02631578947368421
5 0.6033653846153846 0.3308270676691729 0.014423076923076924 0.03759398496240601
5 0.6538461538461539 0.34962406015037595 0.016826923076923076 0.03383458646616541
5 0.71875 0.3609022556390977 0.03125 0.03759398496240601