0 0.4543269230769231 0.5443037974683544 0.04807692307692308 0.06962025316455696
0 0.2283653846153846 0.5506329113924051 0.052884615384615384 0.05379746835443038
0 0.7668269230769231 0.5537974683544303 0.04567307692307692 0.060126582278481014
0 0.8485576923076923 0.5569620253164557 0.052884615384615384 0.0759493670886076
0 0.5625 0.5854430379746836 0.040865384615384616 0.060126582278481014
0 0.17307692307692307 0.5886075949367089 0.052884615384615384 0.0759493670886076
0 0.5168269230769231 0.6044303797468354 0.03365384615384615 0.05379746835443038
0 0.2932692307692308 0.6772151898734177 0.06009615384615385 0.06962025316455696
0 0.3581730769230769 0.740506329113924 0.06490384615384616 0.0759493670886076
0 0.6826923076923077 0.7563291139240507 0.04807692307692308 0.0759493670886076
0 0.7403846153846154 0.8575949367088608 0.040865384615384616 0.06329113924050633
0 0.46875 0.10126582278481013 0.06490384615384616 0.05063291139240506
0 0.4807692307692308 0.16139240506329114 0.057692307692307696 0.060126582278481014
0 0.5889423076923077 0.17405063291139242 0.057692307692307696 0.08544303797468354
0 0.5480769230769231 0.2848101265822785 0.052884615384615384 0.06962025316455696
0 0.43028846153846156 0.33544303797468356 0.06490384615384616 0.07911392405063292
0 0.65625 0.4050632911392405 0.04807692307692308 0.05379746835443038
0 0.7692307692307693 0.4050632911392405 0.07211538461538461 0.0949367088607595
0 0.4519230769230769 0.4620253164556962 0.04567307692307692 0.060126582278481014
0 0.6730769230769231 0.46835443037974683 0.038461538461538464 0.04430379746835443
0 0.5120192307692307 0.49683544303797467 0.057692307692307696 0.06329113924050633