1 0.7211538461538461 0.571969696969697 0.1346153846153846 0.17803030303030304
1 0.7788461538461539 0.678030303030303 0.07211538461538461 0.0946969696969697
4 0.5096153846153846 0.7992424242424242 0.0673076923076923 0.0946969696969697
4 0.5745192307692307 0.8636363636363636 0.07692307692307693 0.08712121212121213
4 0.23317307692307693 0.9431818181818182 0.07211538461538461 0.09848484848484848
4 0.5625 0.11363636363636363 0.07692307692307693 0.08712121212121213
4 0.43509615384615385 0.1856060606060606 0.0673076923076923 0.10606060606060606
4 0.37259615384615385 0.19318181818181818 0.06009615384615385 0.09848484848484848
1 0.1875 0.24621212121212122 0.07932692307692307 0.11363636363636363
1 0.8990384615384616 0.2765151515151515 0.07211538461538461 0.10606060606060606
2 0.4495192307692308 0.35984848484848486 0.08653846153846154 0.125
1 0.6418269230769231 0.3939393939393939 0.07211538461538461 0.0946969696969697
2 0.3485576923076923 0.49242424242424243 0.09134615384615384 0.19318181818181818
3 0.5889423076923077 0.5340909090909091 0.09375 0.12121212121212122
3 0.4495192307692308 0.5492424242424242 0.07211538461538461 0.11363636363636363