3 0.5817307692307693 0.17333333333333334 0.06009615384615385 0.08666666666666667
3 0.5360576923076923 0.18333333333333332 0.06490384615384616 0.09666666666666666
0 0.27403846153846156 0.22333333333333333 0.0673076923076923 0.08
5 0.17548076923076922 0.44666666666666666 0.03365384615384615 0.04666666666666667
3 0.7211538461538461 0.45666666666666667 0.04567307692307692 0.06
4 0.6009615384615384 0.5466666666666666 0.057692307692307696 0.08
5 0.8413461538461539 0.5566666666666666 0.05048076923076923 0.03666666666666667
5 0.5096153846153846 0.5866666666666667 0.06490384615384616 0.06333333333333334
3 0.6658653846153846 0.62 0.09375 0.08666666666666667
3 0.7956730769230769 0.6466666666666666 0.038461538461538464 0.07
5 0.53125 0.65 0.04807692307692308 0.04666666666666667
4 0.7235576923076923 0.7166666666666667 0.07211538461538461 0.07333333333333333
3 0.8197115384615384 0.7433333333333333 0.057692307692307696 0.06333333333333334
0 0.2956730769230769 0.7933333333333333 0.06971153846153846 0.07
3 0.6129807692307693 0.8566666666666667 0.07211538461538461 0.06333333333333334
3 0.7139423076923077 0.8933333333333333 0.06009615384615385 0.08333333333333333
3 0.27884615384615385 0.8966666666666666 0.0673076923076923 0.08666666666666667