3 0.4182692307692308 0.17218543046357615 0.06009615384615385 0.08609271523178808
3 0.4639423076923077 0.18211920529801323 0.06490384615384616 0.09602649006622517
0 0.7259615384615384 0.22185430463576158 0.0673076923076923 0.07947019867549669
5 0.8245192307692307 0.44370860927152317 0.03365384615384615 0.046357615894039736
3 0.27884615384615385 0.45364238410596025 0.04567307692307692 0.059602649006622516
4 0.39903846153846156 0.543046357615894 0.057692307692307696 0.07947019867549669
5 0.15865384615384615 0.5529801324503312 0.05048076923076923 0.03642384105960265
5 0.49038461538461536 0.5827814569536424 0.06490384615384616 0.06291390728476821
3 0.33413461538461536 0.6158940397350994 0.09375 0.08609271523178808
3 0.20432692307692307 0.6423841059602649 0.038461538461538464 0.0695364238410596
5 0.46875 0.6456953642384106 0.04807692307692308 0.046357615894039736
4 0.2764423076923077 0.7119205298013245 0.07211538461538461 0.0728476821192053
3 0.18028846153846154 0.7384105960264901 0.057692307692307696 0.06291390728476821
0 0.7043269230769231 0.7880794701986755 0.06971153846153846 0.0695364238410596
3 0.3870192307692308 0.8509933774834437 0.07211538461538461 0.06291390728476821
3 0.2860576923076923 0.8874172185430463 0.06009615384615385 0.08278145695364239
3 0.7211538461538461 0.890728476821192 0.0673076923076923 0.08609271523178808