5 0.33413461538461536 0.575187969924812 0.04807692307692308 0.06390977443609022
5 0.6586538461538461 0.5864661654135338 0.04567307692307692 0.06015037593984962
5 0.4855769230769231 0.5977443609022557 0.04807692307692308 0.06015037593984962
5 0.5745192307692307 0.6090225563909775 0.038461538461538464 0.05263157894736842
5 0.3004807692307692 0.631578947368421 0.038461538461538464 0.04887218045112782
5 0.23798076923076922 0.8120300751879699 0.040865384615384616 0.06390977443609022
5 0.6466346153846154 0.08646616541353383 0.04807692307692308 0.05263157894736842
5 0.23798076923076922 0.9135338345864662 0.040865384615384616 0.06015037593984962
5 0.6153846153846154 0.15413533834586465 0.055288461538461536 0.07518796992481203
5 0.6610576923076923 0.19172932330827067 0.0625 0.07142857142857142
5 0.5600961538461539 0.2857142857142857 0.04807692307692308 0.07142857142857142
5 0.49759615384615385 0.31954887218045114 0.038461538461538464 0.05263157894736842
5 0.5600961538461539 0.32706766917293234 0.03125 0.04887218045112782
5 0.6081730769230769 0.3308270676691729 0.03365384615384615 0.05263157894736842
5 0.7211538461538461 0.34962406015037595 0.04807692307692308 0.05263157894736842
5 0.375 0.35714285714285715 0.038461538461538464 0.06015037593984962
5 0.65625 0.3609022556390977 0.04807692307692308 0.06390977443609022
5 0.3269230769230769 0.424812030075188 0.04807692307692308 0.07142857142857142
5 0.5889423076923077 0.4473684210526316 0.04567307692307692 0.05263157894736842
5 0.40384615384615385 0.45864661654135336 0.04807692307692308 0.06390977443609022
5 0.3894230769230769 0.5300751879699248 0.040865384615384616 0.06015037593984962