5 0.6650602409638554 0.5795454545454546 0.04819277108433735 0.06439393939393939
5 0.3397590361445783 0.5909090909090909 0.04578313253012048 0.06060606060606061
5 0.5132530120481927 0.6022727272727273 0.04819277108433735 0.06060606060606061
5 0.42409638554216866 0.6136363636363636 0.03855421686746988 0.05303030303030303
5 0.6987951807228916 0.6363636363636364 0.03855421686746988 0.04924242424242424
5 0.7614457831325301 0.8181818181818182 0.04096385542168675 0.06439393939393939
5 0.35180722891566263 0.08712121212121213 0.04819277108433735 0.05303030303030303
5 0.7614457831325301 0.9204545454545454 0.04096385542168675 0.06060606060606061
5 0.38313253012048193 0.1553030303030303 0.05542168674698795 0.07575757575757576
5 0.3373493975903614 0.19318181818181818 0.06265060240963856 0.07196969696969698
5 0.43855421686746987 0.2878787878787879 0.04819277108433735 0.07196969696969698
5 0.5012048192771085 0.32196969696969696 0.03855421686746988 0.05303030303030303
5 0.43855421686746987 0.32954545454545453 0.03132530120481928 0.04924242424242424
5 0.39036144578313253 0.3333333333333333 0.033734939759036145 0.05303030303030303
5 0.27710843373493976 0.3522727272727273 0.04819277108433735 0.05303030303030303
5 0.6240963855421687 0.35984848484848486 0.03855421686746988 0.06060606060606061
5 0.3421686746987952 0.36363636363636365 0.04819277108433735 0.06439393939393939
5 0.672289156626506 0.42803030303030304 0.04819277108433735 0.07196969696969698
5 0.40963855421686746 0.45075757575757575 0.04578313253012048 0.05303030303030303
5 0.5951807228915663 0.4621212121212121 0.04819277108433735 0.06439393939393939
5 0.6096385542168675 0.5340909090909091 0.04096385542168675 0.06060606060606061