5 0.5048076923076923 0.575187969924812 0.07692307692307693 0.06390977443609022
5 0.9807692307692307 0.5883458646616542 0.028846153846153848 0.05639097744360902
5 0.7379807692307693 0.5977443609022557 0.03365384615384615 0.07142857142857142
5 0.7788461538461539 0.5977443609022557 0.03365384615384615 0.05263157894736842
5 0.6322115384615384 0.6428571428571429 0.04807692307692308 0.05263157894736842
5 0.4639423076923077 0.6541353383458647 0.0625 0.07518796992481203
5 0.6009615384615384 0.6578947368421053 0.040865384615384616 0.06015037593984962
5 0.3942307692307692 0.7293233082706767 0.055288461538461536 0.07142857142857142
5 0.8197115384615384 0.7368421052631579 0.038461538461538464 0.07142857142857142
5 0.6057692307692307 0.7481203007518797 0.0673076923076923 0.04887218045112782
5 0.7956730769230769 0.868421052631579 0.04807692307692308 0.04887218045112782
5 0.8052884615384616 0.09022556390977443 0.052884615384615384 0.07142857142857142
5 0.7692307692307693 0.16165413533834586 0.052884615384615384 0.08270676691729323
5 0.8076923076923077 0.24812030075187969 0.04567307692307692 0.07518796992481203
5 0.8149038461538461 0.3157894736842105 0.040865384615384616 0.07518796992481203
5 0.7043269230769231 0.34962406015037595 0.04807692307692308 0.06390977443609022
5 0.5360576923076923 0.3533834586466165 0.03365384615384615 0.07518796992481203
5 0.5048076923076923 0.39849624060150374 0.04807692307692308 0.05263157894736842
5 0.7043269230769231 0.41729323308270677 0.038461538461538464 0.06390977443609022
5 0.7620192307692307 0.41729323308270677 0.052884615384615384 0.09398496240601503
5 0.8245192307692307 0.42105263157894735 0.06009615384615385 0.06390977443609022
5 0.47115384615384615 0.44360902255639095 0.04567307692307692 0.05263157894736842
5 0.9110576923076923 0.44360902255639095 0.06009615384615385 0.08646616541353383
5 0.8653846153846154 0.48872180451127817 0.03125 0.09774436090225563
5 0.7307692307692307 0.5413533834586466 0.04567307692307692 0.06390977443609022
5 0.3798076923076923 0.5451127819548872 0.03365384615384615 0.06390977443609022