5 0.4939759036144578 0.5795454545454546 0.07710843373493977 0.06439393939393939
5 0.016867469879518072 0.5928030303030303 0.02891566265060241 0.056818181818181816
5 0.26024096385542167 0.6022727272727273 0.033734939759036145 0.07196969696969698
5 0.21927710843373494 0.6022727272727273 0.033734939759036145 0.05303030303030303
5 0.36626506024096384 0.6477272727272727 0.04819277108433735 0.05303030303030303
5 0.5349397590361445 0.6590909090909091 0.06265060240963856 0.07575757575757576
5 0.39759036144578314 0.6628787878787878 0.04096385542168675 0.06060606060606061
5 0.6048192771084338 0.7348484848484849 0.05542168674698795 0.07196969696969698
5 0.1783132530120482 0.7424242424242424 0.03855421686746988 0.07196969696969698
5 0.3927710843373494 0.7537878787878788 0.06746987951807229 0.04924242424242424
5 0.20240963855421687 0.875 0.04819277108433735 0.04924242424242424
5 0.1927710843373494 0.09090909090909091 0.05301204819277108 0.07196969696969698
5 0.2289156626506024 0.16287878787878787 0.05301204819277108 0.08333333333333333
5 0.19036144578313252 0.25 0.04578313253012048 0.07575757575757576
5 0.18313253012048192 0.3181818181818182 0.04096385542168675 0.07575757575757576
5 0.29397590361445786 0.3522727272727273 0.04819277108433735 0.06439393939393939
5 0.46265060240963857 0.3560606060606061 0.033734939759036145 0.07575757575757576
5 0.4939759036144578 0.4015151515151515 0.04819277108433735 0.05303030303030303
5 0.29397590361445786 0.42045454545454547 0.03855421686746988 0.06439393939393939
5 0.236144578313253 0.42045454545454547 0.05301204819277108 0.0946969696969697
5 0.17349397590361446 0.42424242424242425 0.060240963855421686 0.06439393939393939
5 0.5277108433734939 0.44696969696969696 0.04578313253012048 0.05303030303030303
5 0.08674698795180723 0.44696969696969696 0.060240963855421686 0.08712121212121213
5 0.13253012048192772 0.49242424242424243 0.03132530120481928 0.09848484848484848
5 0.2674698795180723 0.5454545454545454 0.04578313253012048 0.06439393939393939
5 0.619277108433735 0.5492424242424242 0.033734939759036145 0.06439393939393939