1 0.4254807692307692 0.31654676258992803 0.04567307692307692 0.09352517985611511
1 0.45913461538461536 0.32014388489208634 0.04567307692307692 0.06474820143884892
3 0.31009615384615385 0.3345323741007194 0.06490384615384616 0.08273381294964029
3 0.5216346153846154 0.4028776978417266 0.06490384615384616 0.0683453237410072
1 0.5288461538461539 0.4712230215827338 0.04567307692307692 0.0539568345323741
1 0.5817307692307693 0.4748201438848921 0.06009615384615385 0.07194244604316546
1 0.7019230769230769 0.5071942446043165 0.03365384615384615 0.039568345323741004
3 0.6466346153846154 0.5251798561151079 0.04567307692307692 0.0539568345323741
1 0.4423076923076923 0.5755395683453237 0.055288461538461536 0.06115107913669065
1 0.6706730769230769 0.579136690647482 0.040865384615384616 0.05755395683453238
1 0.6586538461538461 0.6330935251798561 0.04807692307692308 0.06474820143884892
4 0.44471153846153844 0.6546762589928058 0.06490384615384616 0.09352517985611511
1 0.5024038461538461 0.6690647482014388 0.04326923076923077 0.05755395683453238
1 0.8533653846153846 0.6834532374100719 0.06009615384615385 0.08992805755395683
4 0.7668269230769231 0.0683453237410072 0.052884615384615384 0.06474820143884892
1 0.5336538461538461 0.7338129496402878 0.04326923076923077 0.050359712230215826
1 0.7524038461538461 0.7410071942446043 0.04326923076923077 0.06115107913669065
3 0.6153846153846154 0.7769784172661871 0.0889423076923077 0.10071942446043165
4 0.6009615384615384 0.8561151079136691 0.036057692307692304 0.050359712230215826
1 0.9230769230769231 0.9424460431654677 0.04326923076923077 0.0683453237410072
1 0.96875 0.9496402877697842 0.028846153846153848 0.04316546762589928
4 0.7427884615384616 0.1510791366906475 0.057692307692307696 0.07913669064748201
4 0.5889423076923077 0.18345323741007194 0.08173076923076923 0.08273381294964029
3 0.3629807692307692 0.25539568345323743 0.06490384615384616 0.09712230215827339
4 0.6177884615384616 0.2589928057553957 0.052884615384615384 0.07553956834532374
4 0.5288461538461539 0.2805755395683453 0.06009615384615385 0.08273381294964029
4 0.5240384615384616 0.2805755395683453 0.04567307692307692 0.06115107913669065
4 0.8149038461538461 0.2949640287769784 0.057692307692307696 0.07194244604316546