1 0.5745192307692307 0.3176895306859206 0.04567307692307692 0.09386281588447654
1 0.5408653846153846 0.3212996389891697 0.04567307692307692 0.06498194945848375
3 0.6899038461538461 0.33574007220216606 0.06490384615384616 0.08303249097472924
3 0.47836538461538464 0.4043321299638989 0.06490384615384616 0.06859205776173286
1 0.47115384615384615 0.4729241877256318 0.04567307692307692 0.05415162454873646
1 0.4182692307692308 0.47653429602888087 0.06009615384615385 0.07220216606498195
1 0.2980769230769231 0.5090252707581228 0.03365384615384615 0.039711191335740074
3 0.35336538461538464 0.5270758122743683 0.04567307692307692 0.05415162454873646
1 0.5576923076923077 0.5776173285198556 0.055288461538461536 0.061371841155234655
1 0.3293269230769231 0.5812274368231047 0.040865384615384616 0.05776173285198556
1 0.34134615384615385 0.6353790613718412 0.04807692307692308 0.06498194945848375
4 0.5552884615384616 0.6570397111913358 0.06490384615384616 0.09386281588447654
1 0.49759615384615385 0.6714801444043321 0.04326923076923077 0.05776173285198556
1 0.1466346153846154 0.6859205776173285 0.06009615384615385 0.09025270758122744
4 0.23317307692307693 0.06859205776173286 0.052884615384615384 0.06498194945848375
1 0.46634615384615385 0.7364620938628159 0.04326923076923077 0.05054151624548736
1 0.24759615384615385 0.7436823104693141 0.04326923076923077 0.061371841155234655
3 0.38461538461538464 0.779783393501805 0.0889423076923077 0.10108303249097472
4 0.39903846153846156 0.8592057761732852 0.036057692307692304 0.05054151624548736
1 0.07692307692307693 0.9458483754512635 0.04326923076923077 0.06859205776173286
1 0.03125 0.9530685920577617 0.028846153846153848 0.04332129963898917
4 0.25721153846153844 0.15162454873646208 0.057692307692307696 0.07942238267148015
4 0.4110576923076923 0.18411552346570398 0.08173076923076923 0.08303249097472924
3 0.6370192307692307 0.2563176895306859 0.06490384615384616 0.09747292418772563
4 0.38221153846153844 0.259927797833935 0.052884615384615384 0.07581227436823104
4 0.47115384615384615 0.2815884476534296 0.06009615384615385 0.08303249097472924
4 0.47596153846153844 0.2815884476534296 0.04567307692307692 0.061371841155234655
4 0.18509615384615385 0.296028880866426 0.057692307692307696 0.07220216606498195