0 0.5144230769230769 0.3057553956834532 0.019230769230769232 0.025179856115107913
1 0.6586538461538461 0.3237410071942446 0.04567307692307692 0.050359712230215826
0 0.6947115384615384 0.3273381294964029 0.019230769230769232 0.03597122302158273
0 0.6081730769230769 0.3273381294964029 0.019230769230769232 0.02877697841726619
0 0.7019230769230769 0.3273381294964029 0.026442307692307692 0.03597122302158273
1 0.3870192307692308 0.35251798561151076 0.052884615384615384 0.08273381294964029
0 0.5264423076923077 0.44964028776978415 0.026442307692307692 0.039568345323741004
1 0.5889423076923077 0.49280575539568344 0.05048076923076923 0.0683453237410072
1 0.4495192307692308 0.5539568345323741 0.038461538461538464 0.050359712230215826
3 0.49759615384615385 0.6366906474820144 0.036057692307692304 0.06115107913669065
0 0.5889423076923077 0.17985611510791366 0.014423076923076924 0.017985611510791366
0 0.44711538461538464 0.19784172661870503 0.02403846153846154 0.03237410071942446
0 0.7139423076923077 0.2014388489208633 0.014423076923076924 0.02158273381294964
0 0.6057692307692307 0.21223021582733814 0.016826923076923076 0.039568345323741004
0 0.6971153846153846 0.22661870503597123 0.02403846153846154 0.02158273381294964
0 0.6442307692307693 0.23381294964028776 0.014423076923076924 0.025179856115107913
0 0.6923076923076923 0.23741007194244604 0.01201923076923077 0.025179856115107913
0 0.42788461538461536 0.23741007194244604 0.019230769230769232 0.03597122302158273
0 0.47836538461538464 0.2446043165467626 0.02403846153846154 0.03597122302158273
0 0.65625 0.2517985611510791 0.014423076923076924 0.03237410071942446
0 0.5600961538461539 0.26258992805755393 0.021634615384615384 0.03237410071942446
0 0.4543269230769231 0.26618705035971224 0.02403846153846154 0.02877697841726619
0 0.5480769230769231 0.2841726618705036 0.014423076923076924 0.025179856115107913
0 0.5745192307692307 0.2841726618705036 0.019230769230769232 0.02158273381294964
0 0.4639423076923077 0.29856115107913667 0.021634615384615384 0.02877697841726619