0 0.39095744680851063 0.4807692307692308 0.026595744680851064 0.019230769230769232
0 0.35106382978723405 0.6057692307692307 0.02925531914893617 0.028846153846153848
0 0.6223404255319149 0.6370192307692307 0.015957446808510637 0.016826923076923076
0 0.6037234042553191 0.6634615384615384 0.026595744680851064 0.021634615384615384
0 0.5 0.6730769230769231 0.034574468085106384 0.028846153846153848
0 0.3324468085106383 0.6730769230769231 0.034574468085106384 0.026442307692307692
0 0.2712765957446808 0.7379807692307693 0.02925531914893617 0.021634615384615384
0 0.34574468085106386 0.7596153846153846 0.05851063829787234 0.040865384615384616
0 0.2526595744680851 0.7620192307692307 0.018617021276595744 0.02403846153846154
0 0.4654255319148936 0.7644230769230769 0.026595744680851064 0.028846153846153848
0 0.5398936170212766 0.7836538461538461 0.034574468085106384 0.026442307692307692
0 0.2712765957446808 0.7860576923076923 0.023936170212765957 0.019230769230769232
0 0.42021276595744683 0.7956730769230769 0.034574468085106384 0.03125
0 0.6914893617021277 0.9519230769230769 0.026595744680851064 0.03125
0 0.6808510638297872 0.9855769230769231 0.031914893617021274 0.02403846153846154