1 0.8663101604278075 0.5576923076923077 0.05614973262032086 0.036057692307692304
1 0.8048128342245989 0.6201923076923077 0.034759358288770054 0.03365384615384615
3 0.713903743315508 0.6346153846153846 0.034759358288770054 0.036057692307692304
1 0.8101604278074866 0.7259615384615384 0.0374331550802139 0.036057692307692304
1 0.660427807486631 0.7788461538461539 0.029411764705882353 0.026442307692307692
3 0.606951871657754 0.78125 0.040106951871657755 0.03125
1 0.6711229946524064 0.7956730769230769 0.026737967914438502 0.021634615384615384
1 0.7299465240641712 0.7980769230769231 0.026737967914438502 0.03365384615384615
1 0.6818181818181818 0.8100961538461539 0.029411764705882353 0.02403846153846154
4 0.5294117647058824 0.0889423076923077 0.03208556149732621 0.038461538461538464
3 0.4946524064171123 0.23798076923076922 0.03208556149732621 0.028846153846153848