4 0.27393617021276595 0.30288461538461536 0.026595744680851064 0.014423076923076924
4 0.6462765957446809 0.6586538461538461 0.0398936170212766 0.026442307692307692
4 0.3617021276595745 0.6730769230769231 0.02925531914893617 0.02403846153846154
4 0.2473404255319149 0.6826923076923077 0.026595744680851064 0.02403846153846154
4 0.43882978723404253 0.9278846153846154 0.013297872340425532 0.019230769230769232
4 0.4574468085106383 0.9302884615384616 0.018617021276595744 0.01201923076923077
4 0.550531914893617 0.9471153846153846 0.02127659574468085 0.014423076923076924
5 0.425531914893617 0.18028846153846154 0.026595744680851064 0.019230769230769232
5 0.4627659574468085 0.19951923076923078 0.015957446808510637 0.01201923076923077
5 0.5026595744680851 0.21875 0.02127659574468085 0.01201923076923077
5 0.43351063829787234 0.2283653846153846 0.02127659574468085 0.014423076923076924
5 0.4441489361702128 0.25961538461538464 0.02127659574468085 0.009615384615384616