5 0.5828877005347594 0.28846153846153844 0.01871657754010695 0.016826923076923076
5 0.7299465240641712 0.30288461538461536 0.029411764705882353 0.016826923076923076
3 0.7219251336898396 0.4639423076923077 0.0374331550802139 0.028846153846153848
5 0.7486631016042781 0.5408653846153846 0.01871657754010695 0.014423076923076924
5 0.7780748663101604 0.5528846153846154 0.016042780748663103 0.016826923076923076
5 0.7379679144385026 0.59375 0.01871657754010695 0.014423076923076924
5 0.7486631016042781 0.6105769230769231 0.016042780748663103 0.016826923076923076
5 0.5802139037433155 0.6298076923076923 0.01871657754010695 0.021634615384615384
5 0.5962566844919787 0.6610576923076923 0.029411764705882353 0.026442307692307692
1 0.7566844919786097 0.6658653846153846 0.029411764705882353 0.03365384615384615
5 0.7967914438502673 0.6778846153846154 0.029411764705882353 0.03125
5 0.48663101604278075 0.18269230769230768 0.013368983957219251 0.014423076923076924
5 0.6417112299465241 0.2620192307692308 0.01871657754010695 0.01201923076923077
5 0.3716577540106952 0.27163461538461536 0.0213903743315508 0.014423076923076924
5 0.49732620320855614 0.2764423076923077 0.016042780748663103 0.009615384615384616