4 0.7245989304812834 0.30288461538461536 0.026737967914438502 0.014423076923076924
4 0.3502673796791444 0.6586538461538461 0.040106951871657755 0.026442307692307692
4 0.6363636363636364 0.6730769230769231 0.029411764705882353 0.02403846153846154
4 0.7513368983957219 0.6826923076923077 0.026737967914438502 0.02403846153846154
4 0.5588235294117647 0.9278846153846154 0.013368983957219251 0.019230769230769232
4 0.5401069518716578 0.9302884615384616 0.01871657754010695 0.01201923076923077
4 0.446524064171123 0.9471153846153846 0.0213903743315508 0.014423076923076924
5 0.5721925133689839 0.18028846153846154 0.026737967914438502 0.019230769230769232
5 0.5347593582887701 0.19951923076923078 0.016042780748663103 0.01201923076923077
5 0.4946524064171123 0.21875 0.0213903743315508 0.01201923076923077
5 0.5641711229946524 0.2283653846153846 0.0213903743315508 0.014423076923076924
5 0.553475935828877 0.25961538461538464 0.0213903743315508 0.009615384615384616