1 0.13297872340425532 0.5576923076923077 0.05585106382978723 0.036057692307692304
1 0.19414893617021275 0.6201923076923077 0.034574468085106384 0.03365384615384615
3 0.2845744680851064 0.6346153846153846 0.034574468085106384 0.036057692307692304
1 0.18882978723404256 0.7259615384615384 0.03723404255319149 0.036057692307692304
1 0.3377659574468085 0.7788461538461539 0.02925531914893617 0.026442307692307692
3 0.39095744680851063 0.78125 0.0398936170212766 0.03125
1 0.3271276595744681 0.7956730769230769 0.026595744680851064 0.021634615384615384
1 0.26861702127659576 0.7980769230769231 0.026595744680851064 0.03365384615384615
1 0.31648936170212766 0.8100961538461539 0.02925531914893617 0.02403846153846154
4 0.46808510638297873 0.0889423076923077 0.031914893617021274 0.038461538461538464
3 0.5026595744680851 0.23798076923076922 0.031914893617021274 0.028846153846153848