1 0.3377659574468085 0.6610576923076923 0.034574468085106384 0.02403846153846154
1 0.2925531914893617 0.6899038461538461 0.05053191489361702 0.038461538461538464
1 0.3617021276595745 0.6923076923076923 0.034574468085106384 0.028846153846153848
1 0.3829787234042553 0.7163461538461539 0.03723404255319149 0.03125
1 0.26861702127659576 0.7163461538461539 0.0425531914893617 0.03125
1 0.3377659574468085 0.7403846153846154 0.05053191489361702 0.036057692307692304
1 0.26063829787234044 0.75 0.0398936170212766 0.02403846153846154
1 0.30319148936170215 0.7572115384615384 0.026595744680851064 0.028846153846153848
1 0.3776595744680851 0.7764423076923077 0.034574468085106384 0.03125
1 0.30851063829787234 0.8028846153846154 0.02925531914893617 0.02403846153846154
1 0.3351063829787234 0.8269230769230769 0.05053191489361702 0.052884615384615384