5 0.45187165775401067 0.31490384615384615 0.01871657754010695 0.014423076923076924
0 0.47058823529411764 0.33653846153846156 0.01871657754010695 0.016826923076923076
5 0.5721925133689839 0.6105769230769231 0.016042780748663103 0.014423076923076924
5 0.5802139037433155 0.6394230769230769 0.016042780748663103 0.01201923076923077
5 0.660427807486631 0.6466346153846154 0.016042780748663103 0.014423076923076924
5 0.56951871657754 0.6658653846153846 0.0106951871657754 0.01201923076923077
5 0.56951871657754 0.6778846153846154 0.013368983957219251 0.014423076923076924
5 0.6363636363636364 0.6802884615384616 0.0213903743315508 0.014423076923076924
5 0.553475935828877 0.6802884615384616 0.013368983957219251 0.01201923076923077
5 0.6577540106951871 0.7067307692307693 0.016042780748663103 0.014423076923076924
5 0.6283422459893048 0.7091346153846154 0.01871657754010695 0.01201923076923077
5 0.5401069518716578 0.71875 0.013368983957219251 0.01201923076923077
5 0.6096256684491979 0.7379807692307693 0.02406417112299465 0.019230769230769232
5 0.7192513368983957 0.7620192307692307 0.01871657754010695 0.01201923076923077
5 0.7032085561497327 0.7668269230769231 0.016042780748663103 0.016826923076923076
5 0.5427807486631016 0.8221153846153846 0.016042780748663103 0.01201923076923077
5 0.660427807486631 0.8485576923076923 0.02406417112299465 0.016826923076923076
5 0.4625668449197861 0.8990384615384616 0.0213903743315508 0.014423076923076924
5 0.4117647058823529 0.9447115384615384 0.01871657754010695 0.016826923076923076
5 0.38235294117647056 0.9495192307692307 0.01871657754010695 0.01201923076923077
5 0.3609625668449198 0.9519230769230769 0.0213903743315508 0.016826923076923076