5 0.4625668449197861 0.30288461538461536 0.02406417112299465 0.019230769230769232
5 0.24598930481283424 0.35336538461538464 0.0213903743315508 0.026442307692307692
5 0.19786096256684493 0.3557692307692308 0.02406417112299465 0.026442307692307692
5 0.28609625668449196 0.37259615384615385 0.029411764705882353 0.028846153846153848
5 0.18983957219251338 0.4254807692307692 0.0213903743315508 0.036057692307692304
5 0.19786096256684493 0.5240384615384616 0.029411764705882353 0.03125
5 0.19786096256684493 0.5697115384615384 0.029411764705882353 0.02403846153846154
5 0.22727272727272727 0.6057692307692307 0.013368983957219251 0.016826923076923076
5 0.33689839572192515 0.6153846153846154 0.029411764705882353 0.03125
5 0.2887700534759358 0.6418269230769231 0.016042780748663103 0.021634615384615384
5 0.393048128342246 0.6514423076923077 0.0374331550802139 0.028846153846153848
5 0.28609625668449196 0.6682692307692307 0.016042780748663103 0.019230769230769232
5 0.26737967914438504 0.6778846153846154 0.02406417112299465 0.026442307692307692
5 0.3181818181818182 0.6826923076923077 0.0213903743315508 0.019230769230769232
5 0.3770053475935829 0.6947115384615384 0.0213903743315508 0.016826923076923076
5 0.3502673796791444 0.6995192307692307 0.02406417112299465 0.02403846153846154
5 0.24064171122994651 0.7019230769230769 0.02406417112299465 0.02403846153846154
5 0.16310160427807488 0.7259615384615384 0.026737967914438502 0.028846153846153848
5 0.4625668449197861 0.7836538461538461 0.034759358288770054 0.014423076923076924
5 0.4679144385026738 0.22596153846153846 0.029411764705882353 0.021634615384615384
5 0.5320855614973262 0.2620192307692308 0.026737967914438502 0.016826923076923076
5 0.49732620320855614 0.27403846153846156 0.0213903743315508 0.028846153846153848