1 0.5668449197860963 0.37259615384615385 0.040106951871657755 0.040865384615384616
1 0.5427807486631016 0.44471153846153844 0.053475935828877004 0.052884615384615384
1 0.17914438502673796 0.4951923076923077 0.0481283422459893 0.04567307692307692
1 0.23529411764705882 0.5432692307692307 0.05080213903743316 0.038461538461538464
1 0.20588235294117646 0.5913461538461539 0.040106951871657755 0.04567307692307692
1 0.34759358288770054 0.6033653846153846 0.07754010695187166 0.06490384615384616
1 0.7994652406417112 0.6490384615384616 0.029411764705882353 0.040865384615384616
1 0.7219251336898396 0.6538461538461539 0.034759358288770054 0.036057692307692304
1 0.3074866310160428 0.6706730769230769 0.045454545454545456 0.040865384615384616
1 0.39572192513368987 0.6923076923076923 0.040106951871657755 0.03365384615384615
1 0.39572192513368987 0.6971153846153846 0.0481283422459893 0.040865384615384616
1 0.48128342245989303 0.7019230769230769 0.06684491978609626 0.05048076923076923
1 0.6042780748663101 0.7019230769230769 0.034759358288770054 0.03125
1 0.2727272727272727 0.7283653846153846 0.0374331550802139 0.055288461538461536
1 0.5614973262032086 0.2548076923076923 0.08823529411764706 0.04567307692307692