1 0.3717948717948718 0.25721153846153844 0.060897435897435896 0.03365384615384615
1 0.3557692307692308 0.47836538461538464 0.05128205128205128 0.057692307692307696
3 0.5608974358974359 0.5240384615384616 0.0641025641025641 0.038461538461538464
3 0.4358974358974359 0.6009615384615384 0.05128205128205128 0.028846153846153848
3 0.592948717948718 0.6105769230769231 0.041666666666666664 0.04326923076923077
1 0.5192307692307693 0.6153846153846154 0.041666666666666664 0.04807692307692308
1 0.3974358974358974 0.6274038461538461 0.0673076923076923 0.040865384615384616
1 0.4775641025641026 0.6514423076923077 0.07371794871794872 0.057692307692307696
3 0.5576923076923077 0.6826923076923077 0.04487179487179487 0.040865384615384616
1 0.5224358974358975 0.7211538461538461 0.038461538461538464 0.036057692307692304
1 0.5897435897435898 0.7307692307692307 0.04807692307692308 0.03125
1 0.6506410256410257 0.7596153846153846 0.04807692307692308 0.04567307692307692
3 0.5961538461538461 0.7692307692307693 0.04807692307692308 0.028846153846153848