5 0.5106382978723404 0.3125 0.018617021276595744 0.02403846153846154
5 0.5132978723404256 0.3701923076923077 0.02925531914893617 0.021634615384615384
5 0.6861702127659575 0.44471153846153844 0.026595744680851064 0.028846153846153848
5 0.43617021276595747 0.4495192307692308 0.026595744680851064 0.021634615384615384
5 0.5398936170212766 0.4567307692307692 0.018617021276595744 0.021634615384615384
5 0.4441489361702128 0.5144230769230769 0.023936170212765957 0.021634615384615384
5 0.43617021276595747 0.6418269230769231 0.013297872340425532 0.019230769230769232
5 0.449468085106383 0.6490384615384616 0.023936170212765957 0.016826923076923076
5 0.40691489361702127 0.6706730769230769 0.018617021276595744 0.021634615384615384
1 0.5877659574468085 0.7860576923076923 0.02925531914893617 0.028846153846153848
1 0.5691489361702128 0.8125 0.02127659574468085 0.02403846153846154
5 0.6063829787234043 0.25961538461538464 0.02127659574468085 0.02403846153846154