5 0.24064171122994651 0.29086538461538464 0.02406417112299465 0.019230769230769232
4 0.23529411764705882 0.2956730769230769 0.03208556149732621 0.02403846153846154
4 0.713903743315508 0.5721153846153846 0.026737967914438502 0.026442307692307692
4 0.4037433155080214 0.7115384615384616 0.026737967914438502 0.021634615384615384
3 0.2807486631016043 0.7115384615384616 0.040106951871657755 0.040865384615384616
4 0.7299465240641712 0.7163461538461539 0.0427807486631016 0.03365384615384615
4 0.3342245989304813 0.7764423076923077 0.029411764705882353 0.02403846153846154
4 0.41711229946524064 0.7788461538461539 0.0213903743315508 0.019230769230769232
4 0.35561497326203206 0.8100961538461539 0.0213903743315508 0.021634615384615384
4 0.36363636363636365 0.8293269230769231 0.01871657754010695 0.019230769230769232
4 0.7058823529411765 0.84375 0.034759358288770054 0.028846153846153848
4 0.31016042780748665 0.8461538461538461 0.0213903743315508 0.019230769230769232
4 0.660427807486631 0.8966346153846154 0.026737967914438502 0.021634615384615384
4 0.4625668449197861 0.9206730769230769 0.034759358288770054 0.026442307692307692
4 0.516042780748663 0.9399038461538461 0.02406417112299465 0.019230769230769232
4 0.42780748663101603 0.9711538461538461 0.0213903743315508 0.019230769230769232
4 0.43315508021390375 0.11298076923076923 0.026737967914438502 0.021634615384615384
4 0.45454545454545453 0.125 0.034759358288770054 0.028846153846153848
5 0.42780748663101603 0.15384615384615385 0.01871657754010695 0.01201923076923077
5 0.45454545454545453 0.15625 0.02406417112299465 0.019230769230769232
4 0.5962566844919787 0.16105769230769232 0.029411764705882353 0.026442307692307692
4 0.3609625668449198 0.19471153846153846 0.0427807486631016 0.03125
5 0.4572192513368984 0.19951923076923078 0.0213903743315508 0.01201923076923077
5 0.4411764705882353 0.20192307692307693 0.0106951871657754 0.01201923076923077
5 0.5053475935828877 0.20432692307692307 0.013368983957219251 0.014423076923076924
5 0.48663101604278075 0.20432692307692307 0.013368983957219251 0.01201923076923077
5 0.44919786096256686 0.21634615384615385 0.016042780748663103 0.01201923076923077
5 0.4732620320855615 0.22355769230769232 0.013368983957219251 0.014423076923076924
5 0.516042780748663 0.22596153846153846 0.016042780748663103 0.014423076923076924
5 0.3877005347593583 0.2283653846153846 0.01871657754010695 0.016826923076923076
5 0.5267379679144385 0.23317307692307693 0.01871657754010695 0.019230769230769232
5 0.4411764705882353 0.2403846153846154 0.01871657754010695 0.014423076923076924
5 0.47593582887700536 0.2403846153846154 0.0213903743315508 0.016826923076923076
5 0.46524064171123 0.25240384615384615 0.016042780748663103 0.01201923076923077
5 0.45454545454545453 0.25721153846153844 0.013368983957219251 0.01201923076923077
5 0.3877005347593583 0.2620192307692308 0.01871657754010695 0.014423076923076924
5 0.4919786096256685 0.2620192307692308 0.0213903743315508 0.019230769230769232
5 0.35561497326203206 0.2692307692307692 0.01871657754010695 0.016826923076923076