1 0.8021390374331551 0.5192307692307693 0.0374331550802139 0.03365384615384615
4 0.6871657754010695 0.5264423076923077 0.0374331550802139 0.028846153846153848
1 0.820855614973262 0.5697115384615384 0.0427807486631016 0.03365384615384615
1 0.7379679144385026 0.6129807692307693 0.05080213903743316 0.04567307692307692
1 0.6978609625668449 0.6586538461538461 0.040106951871657755 0.04807692307692308
3 0.40106951871657753 0.6778846153846154 0.029411764705882353 0.02403846153846154
1 0.7941176470588235 0.6947115384615384 0.0374331550802139 0.07692307692307693
3 0.7566844919786097 0.7139423076923077 0.040106951871657755 0.036057692307692304
1 0.6470588235294118 0.7884615384615384 0.05614973262032086 0.04567307692307692
4 0.47058823529411764 0.90625 0.026737967914438502 0.03125
3 0.42780748663101603 0.9206730769230769 0.045454545454545456 0.03365384615384615