3 0.6256684491978609 0.31009615384615385 0.034759358288770054 0.036057692307692304
0 0.5775401069518716 0.6490384615384616 0.03208556149732621 0.026442307692307692
0 0.7540106951871658 0.6875 0.029411764705882353 0.028846153846153848
0 0.7967914438502673 0.6875 0.0374331550802139 0.028846153846153848
0 0.6844919786096256 0.6971153846153846 0.0374331550802139 0.03125
0 0.7112299465240641 0.8004807692307693 0.0374331550802139 0.03125
0 0.713903743315508 0.8870192307692307 0.03208556149732621 0.03125
0 0.6256684491978609 0.8990384615384616 0.026737967914438502 0.02403846153846154
3 0.5106951871657754 0.15144230769230768 0.045454545454545456 0.036057692307692304
3 0.6577540106951871 0.2283653846153846 0.045454545454545456 0.05048076923076923
3 0.48128342245989303 0.23317307692307693 0.045454545454545456 0.04326923076923077
3 0.553475935828877 0.24519230769230768 0.053475935828877004 0.052884615384615384
3 0.5989304812834224 0.2644230769230769 0.040106951871657755 0.04807692307692308
4 0.4411764705882353 0.27163461538461536 0.034759358288770054 0.036057692307692304