5 0.3484042553191489 0.5456730769230769 0.02127659574468085 0.019230769230769232
5 0.4946808510638298 0.5576923076923077 0.02127659574468085 0.019230769230769232
5 0.5212765957446809 0.6105769230769231 0.02925531914893617 0.019230769230769232
5 0.45478723404255317 0.6899038461538461 0.023936170212765957 0.014423076923076924
5 0.44148936170212766 0.7043269230769231 0.02127659574468085 0.016826923076923076
5 0.40425531914893614 0.7331730769230769 0.026595744680851064 0.014423076923076924
5 0.3776595744680851 0.7427884615384616 0.02127659574468085 0.01201923076923077
5 0.5159574468085106 0.7451923076923077 0.03723404255319149 0.028846153846153848
5 0.39361702127659576 0.7692307692307693 0.026595744680851064 0.02403846153846154
5 0.48138297872340424 0.8509615384615384 0.023936170212765957 0.014423076923076924
5 0.6143617021276596 0.9086538461538461 0.02127659574468085 0.02403846153846154
5 0.6382978723404256 0.9134615384615384 0.02925531914893617 0.016826923076923076
5 0.5106382978723404 0.9158653846153846 0.02127659574468085 0.016826923076923076
5 0.6090425531914894 0.9326923076923077 0.02127659574468085 0.016826923076923076