4 0.5159574468085106 0.3389423076923077 0.0425531914893617 0.03365384615384615
4 0.7845744680851063 0.3701923076923077 0.026595744680851064 0.028846153846153848
4 0.3351063829787234 0.6322115384615384 0.0398936170212766 0.03125
3 0.38563829787234044 0.6634615384615384 0.0398936170212766 0.03365384615384615
4 0.48936170212765956 0.6947115384615384 0.023936170212765957 0.019230769230769232
4 0.47074468085106386 0.7019230769230769 0.02127659574468085 0.019230769230769232
3 0.5771276595744681 0.7091346153846154 0.047872340425531915 0.04567307692307692
3 0.5159574468085106 0.7716346153846154 0.05319148936170213 0.04326923076923077
3 0.5771276595744681 0.7932692307692307 0.04521276595744681 0.05048076923076923
3 0.4308510638297872 0.7956730769230769 0.0398936170212766 0.03365384615384615
3 0.47074468085106386 0.8028846153846154 0.03723404255319149 0.036057692307692304
4 0.7287234042553191 0.16346153846153846 0.02925531914893617 0.026442307692307692