5 0.35638297872340424 0.34134615384615385 0.034574468085106384 0.02403846153846154
5 0.31117021276595747 0.4182692307692308 0.023936170212765957 0.036057692307692304
3 0.29521276595744683 0.45913461538461536 0.026595744680851064 0.021634615384615384
1 0.26861702127659576 0.4831730769230769 0.02925531914893617 0.036057692307692304
5 0.44148936170212766 0.5144230769230769 0.02925531914893617 0.03125
1 0.30319148936170215 0.5144230769230769 0.04521276595744681 0.040865384615384616
3 0.3484042553191489 0.5216346153846154 0.03723404255319149 0.038461538461538464
1 0.3484042553191489 0.5721153846153846 0.0425531914893617 0.05048076923076923
1 0.31382978723404253 0.5841346153846154 0.034574468085106384 0.040865384615384616
5 0.4308510638297872 0.6153846153846154 0.026595744680851064 0.02403846153846154
1 0.30319148936170215 0.7163461538461539 0.05585106382978723 0.038461538461538464
1 0.3670212765957447 0.71875 0.05585106382978723 0.04807692307692308
2 0.324468085106383 0.7572115384615384 0.04521276595744681 0.036057692307692304