5 0.7553191489361702 0.29086538461538464 0.023936170212765957 0.019230769230769232
4 0.7606382978723404 0.2956730769230769 0.031914893617021274 0.02403846153846154
4 0.2845744680851064 0.5721153846153846 0.026595744680851064 0.026442307692307692
4 0.5930851063829787 0.7115384615384616 0.026595744680851064 0.021634615384615384
3 0.7154255319148937 0.7115384615384616 0.0398936170212766 0.040865384615384616
4 0.26861702127659576 0.7163461538461539 0.0425531914893617 0.03365384615384615
4 0.6622340425531915 0.7764423076923077 0.02925531914893617 0.02403846153846154
4 0.5797872340425532 0.7788461538461539 0.02127659574468085 0.019230769230769232
4 0.6409574468085106 0.8100961538461539 0.02127659574468085 0.021634615384615384
4 0.6329787234042553 0.8293269230769231 0.018617021276595744 0.019230769230769232
4 0.2925531914893617 0.84375 0.034574468085106384 0.028846153846153848
4 0.6861702127659575 0.8461538461538461 0.02127659574468085 0.019230769230769232
4 0.3377659574468085 0.8966346153846154 0.026595744680851064 0.021634615384615384
4 0.5345744680851063 0.9206730769230769 0.034574468085106384 0.026442307692307692
4 0.48138297872340424 0.9399038461538461 0.023936170212765957 0.019230769230769232
4 0.5691489361702128 0.9711538461538461 0.02127659574468085 0.019230769230769232
4 0.5638297872340425 0.11298076923076923 0.026595744680851064 0.021634615384615384
4 0.5425531914893617 0.125 0.034574468085106384 0.028846153846153848
5 0.5691489361702128 0.15384615384615385 0.018617021276595744 0.01201923076923077
5 0.5425531914893617 0.15625 0.023936170212765957 0.019230769230769232
4 0.4015957446808511 0.16105769230769232 0.02925531914893617 0.026442307692307692
4 0.6356382978723404 0.19471153846153846 0.0425531914893617 0.03125
5 0.5398936170212766 0.19951923076923078 0.02127659574468085 0.01201923076923077
5 0.5558510638297872 0.20192307692307693 0.010638297872340425 0.01201923076923077
5 0.4920212765957447 0.20432692307692307 0.013297872340425532 0.014423076923076924
5 0.5106382978723404 0.20432692307692307 0.013297872340425532 0.01201923076923077
5 0.5478723404255319 0.21634615384615385 0.015957446808510637 0.01201923076923077
5 0.523936170212766 0.22355769230769232 0.013297872340425532 0.014423076923076924
5 0.48138297872340424 0.22596153846153846 0.015957446808510637 0.014423076923076924
5 0.6090425531914894 0.2283653846153846 0.018617021276595744 0.016826923076923076
5 0.47074468085106386 0.23317307692307693 0.018617021276595744 0.019230769230769232
5 0.5558510638297872 0.2403846153846154 0.018617021276595744 0.014423076923076924
5 0.5212765957446809 0.2403846153846154 0.02127659574468085 0.016826923076923076
5 0.5319148936170213 0.25240384615384615 0.015957446808510637 0.01201923076923077
5 0.5425531914893617 0.25721153846153844 0.013297872340425532 0.01201923076923077
5 0.6090425531914894 0.2620192307692308 0.018617021276595744 0.014423076923076924
5 0.5053191489361702 0.2620192307692308 0.02127659574468085 0.019230769230769232
5 0.6409574468085106 0.2692307692307692 0.018617021276595744 0.016826923076923076