1 0.40641711229946526 0.6610576923076923 0.034759358288770054 0.04326923076923077
1 0.30213903743315507 0.6947115384615384 0.03208556149732621 0.02403846153846154
1 0.5133689839572193 0.7019230769230769 0.026737967914438502 0.021634615384615384
1 0.5347593582887701 0.7307692307692307 0.02406417112299465 0.02403846153846154
1 0.5855614973262032 0.75 0.0213903743315508 0.021634615384615384
3 0.4625668449197861 0.7644230769230769 0.026737967914438502 0.021634615384615384
1 0.42245989304812837 0.7764423076923077 0.026737967914438502 0.036057692307692304
1 0.4090909090909091 0.8269230769230769 0.034759358288770054 0.036057692307692304
1 0.6711229946524064 0.8557692307692307 0.026737967914438502 0.021634615384615384
1 0.47593582887700536 0.8557692307692307 0.05080213903743316 0.04567307692307692
1 0.606951871657754 0.8774038461538461 0.0481283422459893 0.036057692307692304
1 0.6711229946524064 0.9134615384615384 0.040106951871657755 0.03365384615384615
3 0.6203208556149733 0.9278846153846154 0.034759358288770054 0.021634615384615384
1 0.6764705882352942 0.1658653846153846 0.034759358288770054 0.036057692307692304