1 0.2914438502673797 0.34615384615384615 0.0374331550802139 0.016826923076923076
1 0.14171122994652408 0.4182692307692308 0.040106951871657755 0.036057692307692304
1 0.12299465240641712 0.4326923076923077 0.029411764705882353 0.03125
1 0.13368983957219252 0.5552884615384616 0.040106951871657755 0.040865384615384616
1 0.12834224598930483 0.5961538461538461 0.03208556149732621 0.036057692307692304
1 0.19786096256684493 0.6274038461538461 0.0374331550802139 0.036057692307692304
1 0.16042780748663102 0.6346153846153846 0.02406417112299465 0.028846153846153848
1 0.18716577540106952 0.6899038461538461 0.034759358288770054 0.02403846153846154
1 0.21122994652406418 0.6971153846153846 0.0213903743315508 0.021634615384615384
1 0.1657754010695187 0.6995192307692307 0.02406417112299465 0.028846153846153848
1 0.14171122994652408 0.6995192307692307 0.034759358288770054 0.019230769230769232
1 0.19518716577540107 0.7115384615384616 0.034759358288770054 0.02403846153846154
1 0.31016042780748665 0.7139423076923077 0.03208556149732621 0.02403846153846154
1 0.3342245989304813 0.71875 0.034759358288770054 0.028846153846153848
1 0.18181818181818182 0.7259615384615384 0.029411764705882353 0.028846153846153848
1 0.13368983957219252 0.7259615384615384 0.0213903743315508 0.019230769230769232
1 0.28609625668449196 0.7283653846153846 0.034759358288770054 0.036057692307692304
1 0.10695187165775401 0.7379807692307693 0.029411764705882353 0.028846153846153848
1 0.3983957219251337 0.7548076923076923 0.029411764705882353 0.02403846153846154
1 0.3582887700534759 0.7860576923076923 0.053475935828877004 0.05048076923076923
1 0.32085561497326204 0.8173076923076923 0.026737967914438502 0.02403846153846154
1 0.25133689839572193 0.8341346153846154 0.0481283422459893 0.040865384615384616
1 0.2967914438502674 0.8413461538461539 0.034759358288770054 0.019230769230769232
1 0.28609625668449196 0.8605769230769231 0.0427807486631016 0.03125
1 0.2727272727272727 0.8942307692307693 0.040106951871657755 0.04326923076923077
1 0.29411764705882354 0.9158653846153846 0.0481283422459893 0.02403846153846154