1 0.07219251336898395 0.4254807692307692 0.058823529411764705 0.11778846153846154
3 0.12566844919786097 0.5264423076923077 0.034759358288770054 0.036057692307692304
1 0.15508021390374332 0.6177884615384616 0.058823529411764705 0.04567307692307692
1 0.21390374331550802 0.6370192307692307 0.0374331550802139 0.040865384615384616
1 0.13101604278074866 0.6682692307692307 0.06149732620320856 0.0625
1 0.3716577540106952 0.7379807692307693 0.0427807486631016 0.03125
3 0.2807486631016043 0.7475961538461539 0.034759358288770054 0.04807692307692308
3 0.5026737967914439 0.07451923076923077 0.034759358288770054 0.038461538461538464
3 0.3181818181818182 0.7668269230769231 0.0374331550802139 0.028846153846153848
3 0.5775401069518716 0.10096153846153846 0.034759358288770054 0.028846153846153848
1 0.42513368983957217 0.1466346153846154 0.03208556149732621 0.028846153846153848
3 0.6470588235294118 0.20432692307692307 0.029411764705882353 0.02403846153846154