1 0.21657754010695188 0.5072115384615384 0.034759358288770054 0.03365384615384615
1 0.18716577540106952 0.5649038461538461 0.0374331550802139 0.03125
1 0.22727272727272727 0.5745192307692307 0.034759358288770054 0.03365384615384615
1 0.15775401069518716 0.59375 0.03208556149732621 0.02403846153846154
1 0.22459893048128343 0.5985576923076923 0.03208556149732621 0.028846153846153848
1 0.0962566844919786 0.6009615384615384 0.029411764705882353 0.021634615384615384
1 0.18181818181818182 0.6201923076923077 0.034759358288770054 0.040865384615384616
1 0.10160427807486631 0.6274038461538461 0.03208556149732621 0.03125
3 0.0427807486631016 0.6394230769230769 0.026737967914438502 0.03125
1 0.26737967914438504 0.65625 0.040106951871657755 0.02403846153846154
1 0.17647058823529413 0.6682692307692307 0.0374331550802139 0.021634615384615384
1 0.3449197860962567 0.7067307692307693 0.0427807486631016 0.03125
1 0.23529411764705882 0.7716346153846154 0.034759358288770054 0.028846153846153848
1 0.22994652406417113 0.8004807692307693 0.034759358288770054 0.02403846153846154