1 0.2980769230769231 0.35144927536231885 0.02403846153846154 0.04710144927536232
1 0.31009615384615385 0.4746376811594203 0.021634615384615384 0.05434782608695652
1 0.30288461538461536 0.5434782608695652 0.05048076923076923 0.06884057971014493
1 0.40625 0.5760869565217391 0.026442307692307692 0.043478260869565216
1 0.38221153846153844 0.5978260869565217 0.019230769230769232 0.03985507246376811
1 0.23317307692307693 0.6340579710144928 0.021634615384615384 0.036231884057971016
1 0.41586538461538464 0.6340579710144928 0.014423076923076924 0.03985507246376811
1 0.3798076923076923 0.6376811594202898 0.026442307692307692 0.028985507246376812
1 0.3557692307692308 0.7028985507246377 0.04326923076923077 0.06521739130434782
1 0.3245192307692308 0.7101449275362319 0.021634615384615384 0.036231884057971016
1 0.4014423076923077 0.7355072463768116 0.028846153846153848 0.04710144927536232
1 0.3125 0.7717391304347826 0.021634615384615384 0.028985507246376812
1 0.3629807692307692 0.7971014492753623 0.026442307692307692 0.028985507246376812
3 0.4567307692307692 0.2572463768115942 0.016826923076923076 0.03985507246376811