1 0.35294117647058826 0.5697115384615384 0.03208556149732621 0.028846153846153848
1 0.6016042780748663 0.5889423076923077 0.03208556149732621 0.036057692307692304
1 0.4786096256684492 0.6706730769230769 0.026737967914438502 0.028846153846153848
1 0.5267379679144385 0.6899038461538461 0.0213903743315508 0.021634615384615384
1 0.5026737967914439 0.6971153846153846 0.034759358288770054 0.03125
1 0.5080213903743316 0.7307692307692307 0.026737967914438502 0.028846153846153848
1 0.5427807486631016 0.7307692307692307 0.0213903743315508 0.02403846153846154
3 0.43315508021390375 0.7475961538461539 0.02406417112299465 0.026442307692307692
1 0.5828877005347594 0.8004807692307693 0.03208556149732621 0.036057692307692304
1 0.45454545454545453 0.8125 0.026737967914438502 0.02403846153846154
1 0.5588235294117647 0.8341346153846154 0.03208556149732621 0.02403846153846154
1 0.4946524064171123 0.8365384615384616 0.053475935828877004 0.04567307692307692
1 0.3449197860962567 0.8533653846153846 0.034759358288770054 0.026442307692307692
1 0.5641711229946524 0.8581730769230769 0.03208556149732621 0.02403846153846154
1 0.45454545454545453 0.8653846153846154 0.029411764705882353 0.021634615384615384
1 0.32620320855614976 0.9014423076923077 0.02406417112299465 0.03125
1 0.42780748663101603 0.9302884615384616 0.0374331550802139 0.026442307692307692