3 0.59375 0.44871794871794873 0.04326923076923077 0.035897435897435895
3 0.5264423076923077 0.5 0.040865384615384616 0.03333333333333333
3 0.6682692307692307 0.5974358974358974 0.055288461538461536 0.04871794871794872
3 0.6346153846153846 0.6230769230769231 0.040865384615384616 0.05128205128205128
3 0.40625 0.6358974358974359 0.05048076923076923 0.041025641025641026
3 0.44711538461538464 0.6974358974358974 0.05048076923076923 0.038461538461538464
3 0.3870192307692308 0.7205128205128205 0.040865384615384616 0.041025641025641026
3 0.24278846153846154 0.7307692307692307 0.04326923076923077 0.05641025641025641
3 0.4639423076923077 0.7461538461538462 0.06009615384615385 0.04871794871794872
4 0.7283653846153846 0.8923076923076924 0.036057692307692304 0.03076923076923077
4 0.6538461538461539 0.9102564102564102 0.03125 0.03076923076923077
4 0.6129807692307693 0.9102564102564102 0.03125 0.03076923076923077