3 0.2579787234042553 0.3870192307692308 0.026595744680851064 0.019230769230769232
5 0.22074468085106383 0.3942307692307692 0.031914893617021274 0.021634615384615384
5 0.6223404255319149 0.42788461538461536 0.034574468085106384 0.038461538461538464
5 0.2074468085106383 0.44711538461538464 0.031914893617021274 0.02403846153846154
4 0.2712765957446808 0.45913461538461536 0.0398936170212766 0.028846153846153848
3 0.6276595744680851 0.46634615384615385 0.034574468085106384 0.040865384615384616
5 0.22074468085106383 0.5456730769230769 0.034574468085106384 0.03125
5 0.2845744680851064 0.6201923076923077 0.02925531914893617 0.021634615384615384
5 0.2925531914893617 0.6538461538461539 0.031914893617021274 0.036057692307692304
5 0.3537234042553192 0.7091346153846154 0.031914893617021274 0.03125
4 0.42819148936170215 0.7548076923076923 0.0425531914893617 0.03365384615384615
3 0.23670212765957446 0.7572115384615384 0.047872340425531915 0.04567307692307692
5 0.32180851063829785 0.7836538461538461 0.034574468085106384 0.016826923076923076