1 0.6270096463022508 0.25721153846153844 0.06109324758842444 0.03365384615384615
1 0.6430868167202572 0.47836538461538464 0.05144694533762058 0.057692307692307696
3 0.43729903536977494 0.5240384615384616 0.06430868167202572 0.038461538461538464
3 0.5627009646302251 0.6009615384615384 0.05144694533762058 0.028846153846153848
3 0.40514469453376206 0.6105769230769231 0.04180064308681672 0.04326923076923077
1 0.4790996784565916 0.6153846153846154 0.04180064308681672 0.04807692307692308
1 0.6012861736334405 0.6274038461538461 0.06752411575562701 0.040865384615384616
1 0.5209003215434084 0.6514423076923077 0.07395498392282958 0.057692307692307696
3 0.4405144694533762 0.6826923076923077 0.04501607717041801 0.040865384615384616
1 0.4758842443729904 0.7211538461538461 0.03858520900321544 0.036057692307692304
1 0.40836012861736337 0.7307692307692307 0.04823151125401929 0.03125
1 0.34726688102893893 0.7596153846153846 0.04823151125401929 0.04567307692307692
3 0.40192926045016075 0.7692307692307693 0.04823151125401929 0.028846153846153848