5 0.3962765957446808 0.2980769230769231 0.031914893617021274 0.021634615384615384
5 0.300531914893617 0.31971153846153844 0.02127659574468085 0.021634615384615384
5 0.3696808510638298 0.41586538461538464 0.03723404255319149 0.02403846153846154
5 0.2393617021276596 0.42788461538461536 0.031914893617021274 0.021634615384615384
5 0.21010638297872342 0.4879807692307692 0.018617021276595744 0.019230769230769232
5 0.17553191489361702 0.5336538461538461 0.026595744680851064 0.02403846153846154
5 0.2978723404255319 0.5384615384615384 0.023936170212765957 0.038461538461538464
5 0.45478723404255317 0.5408653846153846 0.02925531914893617 0.021634615384615384
3 0.5957446808510638 0.5889423076923077 0.031914893617021274 0.019230769230769232
5 0.2553191489361702 0.6442307692307693 0.02127659574468085 0.021634615384615384
1 0.32180851063829785 0.7355769230769231 0.023936170212765957 0.026442307692307692
1 0.36436170212765956 0.7427884615384616 0.0398936170212766 0.036057692307692304
1 0.15159574468085107 0.7524038461538461 0.05851063829787234 0.040865384615384616
1 0.5345744680851063 0.21394230769230768 0.07180851063829788 0.0625
5 0.5106382978723404 0.2692307692307692 0.023936170212765957 0.019230769230769232