3 0.8100961538461539 0.32014388489208634 0.019230769230769232 0.039568345323741004
4 0.7451923076923077 0.35611510791366907 0.016826923076923076 0.04316546762589928
4 0.7019230769230769 0.35611510791366907 0.026442307692307692 0.02877697841726619
4 0.6658653846153846 0.3669064748201439 0.02403846153846154 0.03597122302158273
4 0.5264423076923077 0.4136690647482014 0.02403846153846154 0.025179856115107913
4 0.4879807692307692 0.4172661870503597 0.021634615384615384 0.02877697841726619
4 0.7764423076923077 0.44244604316546765 0.026442307692307692 0.03237410071942446
4 0.6225961538461539 0.44964028776978415 0.02403846153846154 0.03597122302158273
4 0.47115384615384615 0.4568345323741007 0.021634615384615384 0.02877697841726619
4 0.5673076923076923 0.4856115107913669 0.026442307692307692 0.03597122302158273
4 0.7115384615384616 0.4892086330935252 0.021634615384615384 0.03597122302158273
4 0.5384615384615384 0.5 0.02403846153846154 0.025179856115107913
4 0.6995192307692307 0.5251798561151079 0.02403846153846154 0.039568345323741004
4 0.6754807692307693 0.5287769784172662 0.021634615384615384 0.02877697841726619
4 0.5793269230769231 0.5431654676258992 0.026442307692307692 0.025179856115107913
4 0.4807692307692308 0.5431654676258992 0.021634615384615384 0.02877697841726619
4 0.5384615384615384 0.5575539568345323 0.019230769230769232 0.03237410071942446
4 0.5552884615384616 0.5575539568345323 0.02403846153846154 0.046762589928057555
4 0.7355769230769231 0.5683453237410072 0.016826923076923076 0.02877697841726619
4 0.6514423076923077 0.5719424460431655 0.03365384615384615 0.04316546762589928
4 0.5048076923076923 0.5863309352517986 0.026442307692307692 0.02877697841726619
3 0.28365384615384615 0.5863309352517986 0.026442307692307692 0.046762589928057555
4 0.31490384615384615 0.5899280575539568 0.016826923076923076 0.02877697841726619
4 0.6490384615384616 0.6330935251798561 0.026442307692307692 0.025179856115107913
4 0.19471153846153846 0.6438848920863309 0.021634615384615384 0.03237410071942446
4 0.6850961538461539 0.6438848920863309 0.021634615384615384 0.03237410071942446
4 0.6610576923076923 0.6942446043165468 0.019230769230769232 0.02877697841726619
4 0.23798076923076922 0.697841726618705 0.016826923076923076 0.02877697841726619