5 0.2526595744680851 0.3389423076923077 0.015957446808510637 0.019230769230769232
4 0.3324468085106383 0.37740384615384615 0.015957446808510637 0.016826923076923076
0 0.24202127659574468 0.4951923076923077 0.02925531914893617 0.016826923076923076
5 0.3271276595744681 0.65625 0.02127659574468085 0.016826923076923076
5 0.3404255319148936 0.6899038461538461 0.018617021276595744 0.016826923076923076
1 0.31648936170212766 0.7115384615384616 0.031914893617021274 0.02403846153846154
1 0.23670212765957446 0.7259615384615384 0.023936170212765957 0.02403846153846154
1 0.19148936170212766 0.7307692307692307 0.023936170212765957 0.019230769230769232
1 0.5877659574468085 0.7524038461538461 0.02127659574468085 0.021634615384615384
1 0.39893617021276595 0.7740384615384616 0.03723404255319149 0.03125
1 0.3696808510638298 0.8076923076923077 0.031914893617021274 0.028846153846153848
5 0.4095744680851064 0.25240384615384615 0.02127659574468085 0.014423076923076924
5 0.26861702127659576 0.27403846153846156 0.015957446808510637 0.01201923076923077