3 0.5855614973262032 0.7115384615384616 0.03208556149732621 0.026442307692307692
3 0.6176470588235294 0.7283653846153846 0.03208556149732621 0.02403846153846154
5 0.6417112299465241 0.7379807692307693 0.0213903743315508 0.014423076923076924
3 0.5748663101604278 0.7548076923076923 0.029411764705882353 0.021634615384615384
3 0.7192513368983957 0.7572115384615384 0.034759358288770054 0.02403846153846154
5 0.6550802139037433 0.7716346153846154 0.016042780748663103 0.016826923076923076
5 0.6951871657754011 0.7740384615384616 0.01871657754010695 0.01201923076923077
5 0.6524064171122995 0.7860576923076923 0.01871657754010695 0.01201923076923077
5 0.5882352941176471 0.7884615384615384 0.01871657754010695 0.014423076923076924
5 0.5962566844919787 0.8004807692307693 0.0213903743315508 0.01201923076923077
3 0.6149732620320856 0.8389423076923077 0.040106951871657755 0.026442307692307692
3 0.41711229946524064 0.8990384615384616 0.0374331550802139 0.02403846153846154
3 0.5213903743315508 0.23798076923076922 0.040106951871657755 0.03365384615384615