5 0.5133689839572193 0.31009615384615385 0.0427807486631016 0.03125
5 0.56951871657754 0.31971153846153844 0.029411764705882353 0.028846153846153848
5 0.7620320855614974 0.6033653846153846 0.03208556149732621 0.028846153846153848
1 0.820855614973262 0.6081730769230769 0.0748663101604278 0.0673076923076923
5 0.6737967914438503 0.6442307692307693 0.026737967914438502 0.021634615384615384
1 0.8716577540106952 0.6826923076923077 0.0427807486631016 0.06009615384615385
5 0.6951871657754011 0.6875 0.026737967914438502 0.026442307692307692
1 0.8048128342245989 0.6971153846153846 0.05080213903743316 0.057692307692307696
5 0.5240641711229946 0.7668269230769231 0.01871657754010695 0.026442307692307692
5 0.6149732620320856 0.7740384615384616 0.03208556149732621 0.026442307692307692
1 0.8155080213903744 0.7908653846153846 0.034759358288770054 0.040865384615384616
5 0.6310160427807486 0.8221153846153846 0.034759358288770054 0.026442307692307692