1 0.4574468085106383 0.6105769230769231 0.05585106382978723 0.028846153846153848
1 0.6462765957446809 0.6153846153846154 0.034574468085106384 0.038461538461538464
1 0.6968085106382979 0.625 0.04521276595744681 0.036057692307692304
1 0.48138297872340424 0.6490384615384616 0.034574468085106384 0.057692307692307696
1 0.44680851063829785 0.65625 0.05053191489361702 0.03365384615384615
1 0.6675531914893617 0.6778846153846154 0.02925531914893617 0.028846153846153848
1 0.6409574468085106 0.6899038461538461 0.02925531914893617 0.03365384615384615
1 0.6888297872340425 0.6899038461538461 0.023936170212765957 0.02403846153846154
1 0.43882978723404253 0.6923076923076923 0.05851063829787234 0.04567307692307692
1 0.5292553191489362 0.7067307692307693 0.09308510638297872 0.052884615384615384
1 0.7340425531914894 0.7259615384615384 0.03723404255319149 0.036057692307692304
1 0.7659574468085106 0.7307692307692307 0.03723404255319149 0.04326923076923077
1 0.5372340425531915 0.8028846153846154 0.0398936170212766 0.03125
1 0.601063829787234 0.8221153846153846 0.047872340425531915 0.04567307692307692
1 0.5611702127659575 0.8461538461538461 0.04521276595744681 0.028846153846153848
1 0.5851063829787234 0.8822115384615384 0.0398936170212766 0.02403846153846154
1 0.574468085106383 0.90625 0.02925531914893617 0.03125
1 0.35904255319148937 0.19471153846153846 0.047872340425531915 0.04567307692307692