5 0.6016042780748663 0.2980769230769231 0.03208556149732621 0.021634615384615384
5 0.6978609625668449 0.31971153846153844 0.0213903743315508 0.021634615384615384
5 0.6283422459893048 0.41586538461538464 0.0374331550802139 0.02403846153846154
5 0.7593582887700535 0.42788461538461536 0.03208556149732621 0.021634615384615384
5 0.7887700534759359 0.4879807692307692 0.01871657754010695 0.019230769230769232
5 0.8235294117647058 0.5336538461538461 0.026737967914438502 0.02403846153846154
5 0.7005347593582888 0.5384615384615384 0.02406417112299465 0.038461538461538464
5 0.5427807486631016 0.5408653846153846 0.029411764705882353 0.021634615384615384
3 0.40106951871657753 0.5889423076923077 0.03208556149732621 0.019230769230769232
5 0.7433155080213903 0.6442307692307693 0.0213903743315508 0.021634615384615384
1 0.6764705882352942 0.7355769230769231 0.02406417112299465 0.026442307692307692
1 0.6336898395721925 0.7427884615384616 0.040106951871657755 0.036057692307692304
1 0.8475935828877005 0.7524038461538461 0.058823529411764705 0.040865384615384616
1 0.4625668449197861 0.21394230769230768 0.07219251336898395 0.0625
5 0.48663101604278075 0.2692307692307692 0.02406417112299465 0.019230769230769232