5 0.48663101604278075 0.3125 0.01871657754010695 0.02403846153846154
5 0.4839572192513369 0.3701923076923077 0.029411764705882353 0.021634615384615384
5 0.31016042780748665 0.44471153846153844 0.026737967914438502 0.028846153846153848
5 0.5614973262032086 0.4495192307692308 0.026737967914438502 0.021634615384615384
5 0.4572192513368984 0.4567307692307692 0.01871657754010695 0.021634615384615384
5 0.553475935828877 0.5144230769230769 0.02406417112299465 0.021634615384615384
5 0.5614973262032086 0.6418269230769231 0.013368983957219251 0.019230769230769232
5 0.5481283422459893 0.6490384615384616 0.02406417112299465 0.016826923076923076
5 0.5909090909090909 0.6706730769230769 0.01871657754010695 0.021634615384615384
1 0.4090909090909091 0.7860576923076923 0.029411764705882353 0.028846153846153848
1 0.42780748663101603 0.8125 0.0213903743315508 0.02403846153846154
5 0.39037433155080214 0.25961538461538464 0.0213903743315508 0.02403846153846154