3 0.31283422459893045 0.35336538461538464 0.0481283422459893 0.03125
0 0.1925133689839572 0.375 0.034759358288770054 0.019230769230769232
0 0.20855614973262032 0.41346153846153844 0.026737967914438502 0.021634615384615384
0 0.15775401069518716 0.43028846153846156 0.02406417112299465 0.021634615384615384
5 0.2887700534759358 0.4423076923076923 0.034759358288770054 0.03125
5 0.31016042780748665 0.4543269230769231 0.03208556149732621 0.028846153846153848
5 0.45454545454545453 0.5360576923076923 0.029411764705882353 0.014423076923076924
5 0.22994652406417113 0.5528846153846154 0.03208556149732621 0.021634615384615384
3 0.16042780748663102 0.5649038461538461 0.034759358288770054 0.03365384615384615
5 0.35294117647058826 0.5913461538461539 0.03208556149732621 0.021634615384615384
5 0.2967914438502674 0.6105769230769231 0.0427807486631016 0.03125
3 0.3850267379679144 0.6490384615384616 0.06951871657754011 0.04326923076923077
1 0.14705882352941177 0.7019230769230769 0.040106951871657755 0.03365384615384615
3 0.3181818181818182 0.8028846153846154 0.034759358288770054 0.038461538461538464