3 0.4122340425531915 0.7115384615384616 0.031914893617021274 0.026442307692307692
3 0.3803191489361702 0.7283653846153846 0.031914893617021274 0.02403846153846154
5 0.35638297872340424 0.7379807692307693 0.02127659574468085 0.014423076923076924
3 0.4228723404255319 0.7548076923076923 0.02925531914893617 0.021634615384615384
3 0.27925531914893614 0.7572115384615384 0.034574468085106384 0.02403846153846154
5 0.34308510638297873 0.7716346153846154 0.015957446808510637 0.016826923076923076
5 0.30319148936170215 0.7740384615384616 0.018617021276595744 0.01201923076923077
5 0.34574468085106386 0.7860576923076923 0.018617021276595744 0.01201923076923077
5 0.4095744680851064 0.7884615384615384 0.018617021276595744 0.014423076923076924
5 0.4015957446808511 0.8004807692307693 0.02127659574468085 0.01201923076923077
3 0.3829787234042553 0.8389423076923077 0.0398936170212766 0.026442307692307692
3 0.5797872340425532 0.8990384615384616 0.03723404255319149 0.02403846153846154
3 0.47606382978723405 0.23798076923076922 0.0398936170212766 0.03365384615384615