3 0.40641711229946526 0.31971153846153844 0.034759358288770054 0.02403846153846154
1 0.4144385026737968 0.34134615384615385 0.040106951871657755 0.021634615384615384
3 0.4197860962566845 0.3894230769230769 0.026737967914438502 0.036057692307692304
3 0.47058823529411764 0.4375 0.01871657754010695 0.019230769230769232
3 0.5080213903743316 0.5432692307692307 0.02406417112299465 0.028846153846153848
3 0.6176470588235294 0.6105769230769231 0.026737967914438502 0.02403846153846154
3 0.5641711229946524 0.6610576923076923 0.02406417112299465 0.03365384615384615
1 0.7165775401069518 0.6706730769230769 0.03208556149732621 0.021634615384615384
3 0.6336898395721925 0.6826923076923077 0.034759358288770054 0.019230769230769232
3 0.5427807486631016 0.7091346153846154 0.013368983957219251 0.014423076923076924
3 0.5721925133689839 0.7139423076923077 0.029411764705882353 0.026442307692307692
1 0.8074866310160428 0.7139423076923077 0.02406417112299465 0.03125
1 0.7192513368983957 0.71875 0.02406417112299465 0.02403846153846154
1 0.7700534759358288 0.7211538461538461 0.01871657754010695 0.014423076923076924