0 0.6559485530546624 0.35096153846153844 0.09967845659163987 0.0985576923076923
4 0.40836012861736337 0.4182692307692308 0.08360128617363344 0.06009615384615385
0 0.1157556270096463 0.45913461538461536 0.10610932475884244 0.07692307692307693
4 0.34726688102893893 0.5360576923076923 0.10289389067524116 0.06009615384615385
4 0.5498392282958199 0.5817307692307693 0.1157556270096463 0.09134615384615384
4 0.1189710610932476 0.6009615384615384 0.09967845659163987 0.07932692307692307
4 0.2797427652733119 0.6177884615384616 0.08038585209003216 0.0673076923076923
4 0.10289389067524116 0.6778846153846154 0.08360128617363344 0.07692307692307693
4 0.4887459807073955 0.7043269230769231 0.09003215434083602 0.057692307692307696
0 0.41479099678456594 0.7379807692307693 0.09967845659163987 0.0673076923076923
0 0.4790996784565916 0.1466346153846154 0.12540192926045016 0.11057692307692307
3 0.2379421221864952 0.24519230769230768 0.12218649517684887 0.0985576923076923
4 0.3858520900321543 0.31971153846153844 0.07717041800643087 0.052884615384615384
4 0.26366559485530544 0.33653846153846156 0.1157556270096463 0.0985576923076923