1 0.5401069518716578 0.6105769230769231 0.05614973262032086 0.028846153846153848
1 0.3502673796791444 0.6153846153846154 0.034759358288770054 0.038461538461538464
1 0.2994652406417112 0.625 0.045454545454545456 0.036057692307692304
1 0.516042780748663 0.6490384615384616 0.034759358288770054 0.057692307692307696
1 0.5508021390374331 0.65625 0.05080213903743316 0.03365384615384615
1 0.32887700534759357 0.6778846153846154 0.029411764705882353 0.028846153846153848
1 0.35561497326203206 0.6899038461538461 0.029411764705882353 0.03365384615384615
1 0.3074866310160428 0.6899038461538461 0.02406417112299465 0.02403846153846154
1 0.5588235294117647 0.6923076923076923 0.058823529411764705 0.04567307692307692
1 0.4679144385026738 0.7067307692307693 0.09358288770053476 0.052884615384615384
1 0.2620320855614973 0.7259615384615384 0.0374331550802139 0.036057692307692304
1 0.22994652406417113 0.7307692307692307 0.0374331550802139 0.04326923076923077
1 0.45989304812834225 0.8028846153846154 0.040106951871657755 0.03125
1 0.39572192513368987 0.8221153846153846 0.0481283422459893 0.04567307692307692
1 0.4358288770053476 0.8461538461538461 0.045454545454545456 0.028846153846153848
1 0.4117647058823529 0.8822115384615384 0.040106951871657755 0.02403846153846154
1 0.42245989304812837 0.90625 0.029411764705882353 0.03125
1 0.6390374331550802 0.19471153846153846 0.0481283422459893 0.04567307692307692