5 0.5452127659574468 0.28846153846153844 0.015957446808510637 0.01201923076923077
5 0.675531914893617 0.28846153846153844 0.0398936170212766 0.019230769230769232
5 0.651595744680851 0.31009615384615385 0.023936170212765957 0.01201923076923077
5 0.7579787234042553 0.3605769230769231 0.02925531914893617 0.021634615384615384
5 0.7792553191489362 0.40384615384615385 0.026595744680851064 0.021634615384615384
1 0.8218085106382979 0.40865384615384615 0.018617021276595744 0.009615384615384616
5 0.6728723404255319 0.4423076923076923 0.018617021276595744 0.01201923076923077
5 0.7180851063829787 0.4519230769230769 0.015957446808510637 0.014423076923076924
5 0.800531914893617 0.46875 0.0398936170212766 0.007211538461538462
3 0.8138297872340425 0.4879807692307692 0.023936170212765957 0.009615384615384616
1 0.8351063829787234 0.5048076923076923 0.031914893617021274 0.019230769230769232
5 0.75 0.5673076923076923 0.015957446808510637 0.016826923076923076
5 0.7154255319148937 0.6274038461538461 0.023936170212765957 0.01201923076923077
3 0.8111702127659575 0.7956730769230769 0.023936170212765957 0.014423076923076924