1 0.8218085106382979 0.4326923076923077 0.05053191489361702 0.04807692307692308
1 0.7420212765957447 0.5096153846153846 0.0425531914893617 0.055288461538461536
1 0.8058510638297872 0.5168269230769231 0.07712765957446809 0.10576923076923077
1 0.651595744680851 0.5216346153846154 0.05053191489361702 0.04807692307692308
1 0.7367021276595744 0.5745192307692307 0.061170212765957445 0.04807692307692308
1 0.848404255319149 0.5841346153846154 0.05053191489361702 0.03365384615384615
1 0.601063829787234 0.6033653846153846 0.07446808510638298 0.08413461538461539
3 0.6595744680851063 0.6346153846153846 0.04521276595744681 0.038461538461538464
1 0.550531914893617 0.6730769230769231 0.061170212765957445 0.07451923076923077
1 0.7898936170212766 0.6754807692307693 0.08244680851063829 0.08653846153846154
1 0.6170212765957447 0.6778846153846154 0.06914893617021277 0.06009615384615385
1 0.7021276595744681 0.6899038461538461 0.09574468085106383 0.06009615384615385
1 0.39893617021276595 0.7091346153846154 0.047872340425531915 0.026442307692307692
1 0.7420212765957447 0.7596153846153846 0.07180851063829788 0.06971153846153846
1 0.6702127659574468 0.7884615384615384 0.05851063829787234 0.055288461538461536