1 0.6595744680851063 0.5985576923076923 0.026595744680851064 0.02403846153846154
1 0.48138297872340424 0.6105769230769231 0.023936170212765957 0.019230769230769232
1 0.6968085106382979 0.6418269230769231 0.02127659574468085 0.019230769230769232
0 0.526595744680851 0.6682692307692307 0.015957446808510637 0.014423076923076924
1 0.7207446808510638 0.6802884615384616 0.02127659574468085 0.021634615384615384
1 0.5877659574468085 0.6850961538461539 0.018617021276595744 0.016826923076923076
1 0.574468085106383 0.6899038461538461 0.018617021276595744 0.021634615384615384
1 0.5531914893617021 0.7019230769230769 0.02925531914893617 0.02403846153846154
1 0.6063829787234043 0.7283653846153846 0.031914893617021274 0.021634615384615384
1 0.6409574468085106 0.7403846153846154 0.03723404255319149 0.026442307692307692
1 0.5851063829787234 0.8221153846153846 0.023936170212765957 0.016826923076923076
1 0.5585106382978723 0.8317307692307693 0.02925531914893617 0.021634615384615384