0 0.38221153846153844 0.14957264957264957 0.01201923076923077 0.021367521367521368
0 0.39663461538461536 0.1581196581196581 0.016826923076923076 0.038461538461538464
0 0.38461538461538464 0.17094017094017094 0.014423076923076924 0.017094017094017096
3 0.5096153846153846 0.1752136752136752 0.03365384615384615 0.0641025641025641
0 0.47596153846153844 0.23076923076923078 0.016826923076923076 0.021367521367521368
0 0.5 0.3504273504273504 0.014423076923076924 0.038461538461538464
0 0.5144230769230769 0.405982905982906 0.016826923076923076 0.02564102564102564
0 0.44471153846153844 0.5256410256410257 0.01201923076923077 0.03418803418803419
0 0.5 0.5726495726495726 0.014423076923076924 0.02564102564102564
0 0.27163461538461536 0.5769230769230769 0.01201923076923077 0.029914529914529916
0 0.3629807692307692 0.594017094017094 0.01201923076923077 0.02564102564102564
0 0.375 0.6025641025641025 0.01201923076923077 0.02564102564102564
0 0.3701923076923077 0.6153846153846154 0.01201923076923077 0.021367521367521368
0 0.375 0.6282051282051282 0.009615384615384616 0.029914529914529916
4 0.21153846153846154 0.6538461538461539 0.01201923076923077 0.03418803418803419
0 0.37259615384615385 0.6666666666666666 0.009615384615384616 0.01282051282051282
0 0.375 0.6837606837606838 0.009615384615384616 0.017094017094017096
0 0.3605769230769231 0.6837606837606838 0.01201923076923077 0.021367521367521368
0 0.3581730769230769 0.688034188034188 0.009615384615384616 0.01282051282051282
3 0.38221153846153844 0.688034188034188 0.038461538461538464 0.05555555555555555
4 0.23557692307692307 0.6965811965811965 0.01201923076923077 0.021367521367521368
3 0.34134615384615385 0.7008547008547008 0.026442307692307692 0.038461538461538464
0 0.5697115384615384 0.7008547008547008 0.016826923076923076 0.038461538461538464
0 0.36538461538461536 0.7350427350427351 0.019230769230769232 0.029914529914529916
4 0.2668269230769231 0.7521367521367521 0.01201923076923077 0.021367521367521368
0 0.3293269230769231 0.7606837606837606 0.014423076923076924 0.021367521367521368
4 0.59375 0.7649572649572649 0.019230769230769232 0.03418803418803419
4 0.30288461538461536 0.8034188034188035 0.007211538461538462 0.017094017094017096
4 0.3125 0.8846153846153846 0.009615384615384616 0.01282051282051282
4 0.2548076923076923 0.8931623931623932 0.009615384615384616 0.017094017094017096