1 0.9228723404255319 0.4254807692307692 0.05851063829787234 0.11778846153846154
3 0.8696808510638298 0.5264423076923077 0.034574468085106384 0.036057692307692304
1 0.8404255319148937 0.6177884615384616 0.05851063829787234 0.04567307692307692
1 0.7819148936170213 0.6370192307692307 0.03723404255319149 0.040865384615384616
1 0.8643617021276596 0.6682692307692307 0.061170212765957445 0.0625
1 0.625 0.7379807692307693 0.0425531914893617 0.03125
3 0.7154255319148937 0.7475961538461539 0.034574468085106384 0.04807692307692308
3 0.4946808510638298 0.07451923076923077 0.034574468085106384 0.038461538461538464
3 0.6781914893617021 0.7668269230769231 0.03723404255319149 0.028846153846153848
3 0.42021276595744683 0.10096153846153846 0.034574468085106384 0.028846153846153848
1 0.5718085106382979 0.1466346153846154 0.031914893617021274 0.028846153846153848
3 0.35106382978723405 0.20432692307692307 0.02925531914893617 0.02403846153846154