4 0.8529411764705882 0.375 0.0374331550802139 0.02403846153846154
4 0.7459893048128342 0.38221153846153844 0.040106951871657755 0.028846153846153848
5 0.7967914438502673 0.40625 0.029411764705882353 0.02403846153846154
5 0.8288770053475936 0.40625 0.029411764705882353 0.019230769230769232
5 0.8636363636363636 0.4110576923076923 0.02406417112299465 0.021634615384615384
4 0.8556149732620321 0.45913461538461536 0.040106951871657755 0.028846153846153848
1 0.56951871657754 0.5841346153846154 0.034759358288770054 0.02403846153846154
1 0.6229946524064172 0.5889423076923077 0.045454545454545456 0.03125
5 0.6898395721925134 0.6177884615384616 0.03208556149732621 0.02403846153846154
3 0.6497326203208557 0.6274038461538461 0.0427807486631016 0.040865384615384616
5 0.7914438502673797 0.7764423076923077 0.026737967914438502 0.026442307692307692
4 0.6016042780748663 0.90625 0.026737967914438502 0.028846153846153848
4 0.6256684491978609 0.9134615384615384 0.0374331550802139 0.03365384615384615