5 0.8058510638297872 0.3918269230769231 0.026595744680851064 0.02403846153846154
0 0.726063829787234 0.5384615384615384 0.034574468085106384 0.02403846153846154
0 0.6436170212765957 0.6033653846153846 0.03723404255319149 0.021634615384615384
3 0.5531914893617021 0.7331730769230769 0.023936170212765957 0.019230769230769232
0 0.625 0.7740384615384616 0.013297872340425532 0.014423076923076924
1 0.5531914893617021 0.8870192307692307 0.02925531914893617 0.03125
5 0.625 0.17067307692307693 0.034574468085106384 0.02403846153846154
5 0.5638297872340425 0.17548076923076922 0.026595744680851064 0.02403846153846154
5 0.5452127659574468 0.1778846153846154 0.02925531914893617 0.019230769230769232
5 0.5877659574468085 0.18028846153846154 0.023936170212765957 0.02403846153846154
5 0.5106382978723404 0.20432692307692307 0.02127659574468085 0.021634615384615384