5 0.5451127819548872 0.15144230769230768 0.08270676691729323 0.055288461538461536
5 0.6353383458646616 0.16346153846153846 0.06766917293233082 0.036057692307692304
5 0.3157894736842105 0.20192307692307693 0.07142857142857142 0.052884615384615384
5 0.5789473684210527 0.22596153846153846 0.06390977443609022 0.03365384615384615
3 0.23308270676691728 0.27884615384615385 0.19172932330827067 0.06490384615384616
3 0.6127819548872181 0.31490384615384615 0.09774436090225563 0.06971153846153846
5 0.5075187969924813 0.3629807692307692 0.08646616541353383 0.04567307692307692
3 0.15789473684210525 0.3918269230769231 0.13909774436090225 0.08653846153846154
3 0.5375939849624061 0.4230769230769231 0.09022556390977443 0.07932692307692307
3 0.6278195488721805 0.4326923076923077 0.09398496240601503 0.07451923076923077
3 0.3684210526315789 0.44711538461538464 0.13533834586466165 0.0625
3 0.47368421052631576 0.46634615384615385 0.10150375939849623 0.052884615384615384
3 0.6804511278195489 0.4807692307692308 0.07142857142857142 0.04326923076923077
3 0.31203007518796994 0.5024038461538461 0.09774436090225563 0.052884615384615384
3 0.38721804511278196 0.5024038461538461 0.06015037593984962 0.04326923076923077
3 0.3533834586466165 0.5625 0.10526315789473684 0.057692307692307696
3 0.45864661654135336 0.5793269230769231 0.10902255639097744 0.057692307692307696
3 0.6766917293233082 0.5889423076923077 0.07894736842105263 0.06490384615384616
3 0.41353383458646614 0.6346153846153846 0.09398496240601503 0.057692307692307696
3 0.5300751879699248 0.6634615384615384 0.13533834586466165 0.0673076923076923
5 0.14285714285714285 0.7403846153846154 0.08270676691729323 0.040865384615384616
5 0.05639097744360902 0.7427884615384616 0.07518796992481203 0.040865384615384616
3 0.33458646616541354 0.7596153846153846 0.08270676691729323 0.0673076923076923
3 0.21428571428571427 0.8173076923076923 0.09774436090225563 0.07451923076923077
5 0.5037593984962406 0.08413461538461539 0.07518796992481203 0.03365384615384615
3 0.3308270676691729 0.8701923076923077 0.15789473684210525 0.07211538461538461