1 0.5904255319148937 0.6610576923076923 0.034574468085106384 0.04326923076923077
1 0.6941489361702128 0.6947115384615384 0.031914893617021274 0.02403846153846154
1 0.48404255319148937 0.7019230769230769 0.026595744680851064 0.021634615384615384
1 0.4627659574468085 0.7307692307692307 0.023936170212765957 0.02403846153846154
1 0.4122340425531915 0.75 0.02127659574468085 0.021634615384615384
3 0.5345744680851063 0.7644230769230769 0.026595744680851064 0.021634615384615384
1 0.574468085106383 0.7764423076923077 0.026595744680851064 0.036057692307692304
1 0.5877659574468085 0.8269230769230769 0.034574468085106384 0.036057692307692304
1 0.3271276595744681 0.8557692307692307 0.026595744680851064 0.021634615384615384
1 0.5212765957446809 0.8557692307692307 0.05053191489361702 0.04567307692307692
1 0.39095744680851063 0.8774038461538461 0.047872340425531915 0.036057692307692304
1 0.3271276595744681 0.9134615384615384 0.0398936170212766 0.03365384615384615
3 0.3776595744680851 0.9278846153846154 0.034574468085106384 0.021634615384615384
1 0.32180851063829785 0.1658653846153846 0.034574468085106384 0.036057692307692304