1 0.3557692307692308 0.34057971014492755 0.040865384615384616 0.057971014492753624
1 0.5120192307692307 0.358695652173913 0.03365384615384615 0.05434782608695652
1 0.19471153846153846 0.358695652173913 0.026442307692307692 0.06884057971014493
1 0.375 0.4311594202898551 0.036057692307692304 0.06884057971014493
1 0.31009615384615385 0.4746376811594203 0.028846153846153848 0.057971014492753624
1 0.47115384615384615 0.4855072463768116 0.03365384615384615 0.057971014492753624
1 0.2860576923076923 0.5217391304347826 0.03365384615384615 0.04710144927536232
1 0.38461538461538464 0.532608695652174 0.038461538461538464 0.057971014492753624
1 0.3293269230769231 0.5507246376811594 0.04807692307692308 0.06159420289855073
1 0.44471153846153844 0.6739130434782609 0.036057692307692304 0.07608695652173914
1 0.3942307692307692 0.717391304347826 0.052884615384615384 0.07971014492753623
3 0.41586538461538464 0.8659420289855072 0.026442307692307692 0.04710144927536232