5 0.45149253731343286 0.15144230769230768 0.08208955223880597 0.055288461538461536
5 0.3619402985074627 0.16346153846153846 0.06716417910447761 0.036057692307692304
5 0.6791044776119403 0.20192307692307693 0.0708955223880597 0.052884615384615384
5 0.417910447761194 0.22596153846153846 0.06343283582089553 0.03365384615384615
3 0.7611940298507462 0.27884615384615385 0.19029850746268656 0.06490384615384616
3 0.3843283582089552 0.31490384615384615 0.09701492537313433 0.06971153846153846
5 0.48880597014925375 0.3629807692307692 0.08582089552238806 0.04567307692307692
3 0.835820895522388 0.3918269230769231 0.13805970149253732 0.08653846153846154
3 0.458955223880597 0.4230769230769231 0.08955223880597014 0.07932692307692307
3 0.3694029850746269 0.4326923076923077 0.09328358208955224 0.07451923076923077
3 0.6268656716417911 0.44711538461538464 0.13432835820895522 0.0625
3 0.5223880597014925 0.46634615384615385 0.10074626865671642 0.052884615384615384
3 0.31716417910447764 0.4807692307692308 0.0708955223880597 0.04326923076923077
3 0.6828358208955224 0.5024038461538461 0.09701492537313433 0.052884615384615384
3 0.6082089552238806 0.5024038461538461 0.05970149253731343 0.04326923076923077
3 0.6417910447761194 0.5625 0.1044776119402985 0.057692307692307696
3 0.5373134328358209 0.5793269230769231 0.10820895522388059 0.057692307692307696
3 0.3208955223880597 0.5889423076923077 0.07835820895522388 0.06490384615384616
3 0.582089552238806 0.6346153846153846 0.09328358208955224 0.057692307692307696
3 0.4664179104477612 0.6634615384615384 0.13432835820895522 0.0673076923076923
5 0.8507462686567164 0.7403846153846154 0.08208955223880597 0.040865384615384616
5 0.9365671641791045 0.7427884615384616 0.07462686567164178 0.040865384615384616
3 0.6604477611940298 0.7596153846153846 0.08208955223880597 0.0673076923076923
3 0.7798507462686567 0.8173076923076923 0.09701492537313433 0.07451923076923077
5 0.4925373134328358 0.08413461538461539 0.07462686567164178 0.03365384615384615
3 0.664179104477612 0.8701923076923077 0.15671641791044777 0.07211538461538461