3 0.2860576923076923 0.20833333333333334 0.07932692307692307 0.09935897435897435
4 0.9375 0.22756410256410256 0.04326923076923077 0.07692307692307693
4 0.6538461538461539 0.23076923076923078 0.055288461538461536 0.08333333333333333
2 0.18509615384615385 0.34615384615384615 0.13701923076923078 0.16346153846153846
4 0.6658653846153846 0.41025641025641024 0.06490384615384616 0.08653846153846154
4 0.96875 0.42628205128205127 0.052884615384615384 0.07051282051282051
4 0.3317307692307692 0.42948717948717946 0.06009615384615385 0.09294871794871795
0 0.1658653846153846 0.46153846153846156 0.07211538461538461 0.08333333333333333
4 0.35096153846153844 0.5032051282051282 0.052884615384615384 0.0673076923076923
0 0.46153846153846156 0.532051282051282 0.09375 0.11217948717948718
4 0.3125 0.5512820512820513 0.0625 0.08012820512820513
3 0.7067307692307693 0.6153846153846154 0.07692307692307693 0.08653846153846154
4 0.3581730769230769 0.6217948717948718 0.09375 0.07051282051282051
4 0.4831730769230769 0.6538461538461539 0.06971153846153846 0.08333333333333333
4 0.5625 0.657051282051282 0.07932692307692307 0.08333333333333333
4 0.5408653846153846 0.7532051282051282 0.055288461538461536 0.0641025641025641
4 0.6394230769230769 0.9455128205128205 0.0625 0.08333333333333333