0 0.39361702127659576 0.42788461538461536 0.015957446808510637 0.014423076923076924
0 0.39893617021276595 0.46153846153846156 0.018617021276595744 0.01201923076923077
0 0.4015957446808511 0.47596153846153844 0.023936170212765957 0.01201923076923077
0 0.4308510638297872 0.47596153846153844 0.018617021276595744 0.01201923076923077
0 0.40425531914893614 0.4879807692307692 0.018617021276595744 0.01201923076923077
0 0.375 0.49278846153846156 0.013297872340425532 0.007211538461538462
1 0.6861702127659575 0.5817307692307693 0.05585106382978723 0.036057692307692304
4 0.39095744680851063 0.7379807692307693 0.031914893617021274 0.028846153846153848
0 0.526595744680851 0.8605769230769231 0.015957446808510637 0.016826923076923076
1 0.4095744680851064 0.17548076923076922 0.05585106382978723 0.040865384615384616
3 0.5292553191489362 0.20673076923076922 0.0425531914893617 0.03365384615384615