5 0.6417112299465241 0.34134615384615385 0.034759358288770054 0.02403846153846154
5 0.6871657754010695 0.4182692307692308 0.02406417112299465 0.036057692307692304
3 0.7032085561497327 0.45913461538461536 0.026737967914438502 0.021634615384615384
1 0.7299465240641712 0.4831730769230769 0.029411764705882353 0.036057692307692304
5 0.5561497326203209 0.5144230769230769 0.029411764705882353 0.03125
1 0.6951871657754011 0.5144230769230769 0.045454545454545456 0.040865384615384616
3 0.6497326203208557 0.5216346153846154 0.0374331550802139 0.038461538461538464
1 0.6497326203208557 0.5721153846153846 0.0427807486631016 0.05048076923076923
1 0.6844919786096256 0.5841346153846154 0.034759358288770054 0.040865384615384616
5 0.5668449197860963 0.6153846153846154 0.026737967914438502 0.02403846153846154
1 0.6951871657754011 0.7163461538461539 0.05614973262032086 0.038461538461538464
1 0.6310160427807486 0.71875 0.05614973262032086 0.04807692307692308
2 0.6737967914438503 0.7572115384615384 0.045454545454545456 0.036057692307692304