1 0.7047872340425532 0.34615384615384615 0.03723404255319149 0.016826923076923076
1 0.8537234042553191 0.4182692307692308 0.0398936170212766 0.036057692307692304
1 0.8723404255319149 0.4326923076923077 0.02925531914893617 0.03125
1 0.8617021276595744 0.5552884615384616 0.0398936170212766 0.040865384615384616
1 0.8670212765957447 0.5961538461538461 0.031914893617021274 0.036057692307692304
1 0.7978723404255319 0.6274038461538461 0.03723404255319149 0.036057692307692304
1 0.8351063829787234 0.6346153846153846 0.023936170212765957 0.028846153846153848
1 0.8085106382978723 0.6899038461538461 0.034574468085106384 0.02403846153846154
1 0.7845744680851063 0.6971153846153846 0.02127659574468085 0.021634615384615384
1 0.8297872340425532 0.6995192307692307 0.023936170212765957 0.028846153846153848
1 0.8537234042553191 0.6995192307692307 0.034574468085106384 0.019230769230769232
1 0.800531914893617 0.7115384615384616 0.034574468085106384 0.02403846153846154
1 0.6861702127659575 0.7139423076923077 0.031914893617021274 0.02403846153846154
1 0.6622340425531915 0.71875 0.034574468085106384 0.028846153846153848
1 0.8138297872340425 0.7259615384615384 0.02925531914893617 0.028846153846153848
1 0.8617021276595744 0.7259615384615384 0.02127659574468085 0.019230769230769232
1 0.7101063829787234 0.7283653846153846 0.034574468085106384 0.036057692307692304
1 0.8882978723404256 0.7379807692307693 0.02925531914893617 0.028846153846153848
1 0.598404255319149 0.7548076923076923 0.02925531914893617 0.02403846153846154
1 0.6382978723404256 0.7860576923076923 0.05319148936170213 0.05048076923076923
1 0.675531914893617 0.8173076923076923 0.026595744680851064 0.02403846153846154
1 0.7446808510638298 0.8341346153846154 0.047872340425531915 0.040865384615384616
1 0.699468085106383 0.8413461538461539 0.034574468085106384 0.019230769230769232
1 0.7101063829787234 0.8605769230769231 0.0425531914893617 0.03125
1 0.723404255319149 0.8942307692307693 0.0398936170212766 0.04326923076923077
1 0.7021276595744681 0.9158653846153846 0.047872340425531915 0.02403846153846154