4 0.6201923076923077 0.3057553956834532 0.03365384615384615 0.04316546762589928
4 0.6706730769230769 0.3273381294964029 0.019230769230769232 0.046762589928057555
3 0.5985576923076923 0.3597122302158273 0.019230769230769232 0.025179856115107913
3 0.6274038461538461 0.3776978417266187 0.019230769230769232 0.03597122302158273
3 0.6105769230769231 0.38848920863309355 0.01201923076923077 0.03237410071942446
3 0.6778846153846154 0.38848920863309355 0.021634615384615384 0.03597122302158273
4 0.6682692307692307 0.46402877697841727 0.02403846153846154 0.04316546762589928
3 0.49759615384615385 0.6223021582733813 0.021634615384615384 0.03237410071942446
3 0.5360576923076923 0.6366906474820144 0.014423076923076924 0.025179856115107913
3 0.5480769230769231 0.6510791366906474 0.021634615384615384 0.02877697841726619
3 0.5120192307692307 0.6510791366906474 0.019230769230769232 0.02877697841726619
3 0.5649038461538461 0.6870503597122302 0.021634615384615384 0.03597122302158273
3 0.6057692307692307 0.737410071942446 0.021634615384615384 0.046762589928057555
3 0.5697115384615384 0.29856115107913667 0.02403846153846154 0.046762589928057555