5 0.48404255319148937 0.31009615384615385 0.0425531914893617 0.03125
5 0.42819148936170215 0.31971153846153844 0.02925531914893617 0.028846153846153848
5 0.23670212765957446 0.6033653846153846 0.031914893617021274 0.028846153846153848
1 0.17819148936170212 0.6081730769230769 0.07446808510638298 0.0673076923076923
5 0.324468085106383 0.6442307692307693 0.026595744680851064 0.021634615384615384
1 0.1276595744680851 0.6826923076923077 0.0425531914893617 0.06009615384615385
5 0.30319148936170215 0.6875 0.026595744680851064 0.026442307692307692
1 0.19414893617021275 0.6971153846153846 0.05053191489361702 0.057692307692307696
5 0.4734042553191489 0.7668269230769231 0.018617021276595744 0.026442307692307692
5 0.3829787234042553 0.7740384615384616 0.031914893617021274 0.026442307692307692
1 0.18351063829787234 0.7908653846153846 0.034574468085106384 0.040865384615384616
5 0.3670212765957447 0.8221153846153846 0.034574468085106384 0.026442307692307692