3 0.40625 0.44642857142857145 0.04326923076923077 0.03571428571428571
3 0.4735576923076923 0.49744897959183676 0.040865384615384616 0.03316326530612245
3 0.3317307692307692 0.5943877551020408 0.055288461538461536 0.04846938775510204
3 0.36538461538461536 0.6198979591836735 0.040865384615384616 0.05102040816326531
3 0.59375 0.6326530612244898 0.05048076923076923 0.04081632653061224
3 0.5528846153846154 0.6938775510204082 0.05048076923076923 0.03826530612244898
3 0.6129807692307693 0.7168367346938775 0.040865384615384616 0.04081632653061224
3 0.7572115384615384 0.7270408163265306 0.04326923076923077 0.05612244897959184
3 0.5360576923076923 0.7423469387755102 0.06009615384615385 0.04846938775510204
4 0.27163461538461536 0.8877551020408163 0.036057692307692304 0.030612244897959183
4 0.34615384615384615 0.9056122448979592 0.03125 0.030612244897959183
4 0.3870192307692308 0.9056122448979592 0.03125 0.030612244897959183