3 0.5053475935828877 0.2932692307692308 0.053475935828877004 0.038461538461538464
3 0.6470588235294118 0.3173076923076923 0.045454545454545456 0.03125
3 0.5668449197860963 0.4206730769230769 0.0374331550802139 0.038461538461538464
3 0.7299465240641712 0.5865384615384616 0.0481283422459893 0.03365384615384615
3 0.56951871657754 0.625 0.058823529411764705 0.040865384615384616
3 0.44385026737967914 0.6298076923076923 0.0374331550802139 0.03365384615384615
3 0.4117647058823529 0.6586538461538461 0.053475935828877004 0.05048076923076923
3 0.606951871657754 0.6947115384615384 0.045454545454545456 0.03365384615384615
3 0.5347593582887701 0.9014423076923077 0.026737967914438502 0.019230769230769232
3 0.5508021390374331 0.9254807692307693 0.026737967914438502 0.019230769230769232
3 0.5213903743315508 0.9591346153846154 0.040106951871657755 0.02403846153846154
3 0.6711229946524064 0.25961538461538464 0.034759358288770054 0.040865384615384616