1 0.17379679144385027 0.4326923076923077 0.05080213903743316 0.04807692307692308
1 0.2540106951871658 0.5096153846153846 0.0427807486631016 0.055288461538461536
1 0.18983957219251338 0.5168269230769231 0.07754010695187166 0.10576923076923077
1 0.3449197860962567 0.5216346153846154 0.05080213903743316 0.04807692307692308
1 0.25935828877005346 0.5745192307692307 0.06149732620320856 0.04807692307692308
1 0.14705882352941177 0.5841346153846154 0.05080213903743316 0.03365384615384615
1 0.39572192513368987 0.6033653846153846 0.0748663101604278 0.08413461538461539
3 0.33689839572192515 0.6346153846153846 0.045454545454545456 0.038461538461538464
1 0.446524064171123 0.6730769230769231 0.06149732620320856 0.07451923076923077
1 0.20588235294117646 0.6754807692307693 0.08288770053475936 0.08653846153846154
1 0.37967914438502676 0.6778846153846154 0.06951871657754011 0.06009615384615385
1 0.29411764705882354 0.6899038461538461 0.0962566844919786 0.06009615384615385
1 0.5989304812834224 0.7091346153846154 0.0481283422459893 0.026442307692307692
1 0.2540106951871658 0.7596153846153846 0.07219251336898395 0.06971153846153846
1 0.32620320855614976 0.7884615384615384 0.058823529411764705 0.055288461538461536