3 0.46875 0.16878980891719744 0.07211538461538461 0.08917197452229299
0 0.5144230769230769 0.22611464968152867 0.052884615384615384 0.05732484076433121
0 0.31971153846153844 0.34076433121019106 0.04326923076923077 0.06687898089171974
0 0.25961538461538464 0.3471337579617834 0.04326923076923077 0.05732484076433121
0 0.5552884615384616 0.47770700636942676 0.052884615384615384 0.06050955414012739
2 0.6418269230769231 0.5095541401273885 0.10576923076923077 0.12420382165605096
0 0.34615384615384615 0.5254777070063694 0.052884615384615384 0.050955414012738856
0 0.47596153846153844 0.5828025477707006 0.0625 0.044585987261146494
4 0.47115384615384615 0.6178343949044586 0.026442307692307692 0.025477707006369428
4 0.4807692307692308 0.643312101910828 0.019230769230769232 0.022292993630573247
4 0.3485576923076923 0.6528662420382165 0.03125 0.03503184713375796
4 0.6346153846153846 0.6942675159235668 0.021634615384615384 0.025477707006369428
4 0.38461538461538464 0.697452229299363 0.019230769230769232 0.025477707006369428
4 0.29086538461538464 0.7006369426751592 0.04326923076923077 0.04777070063694268
4 0.3173076923076923 0.7038216560509554 0.016826923076923076 0.025477707006369428
4 0.5360576923076923 0.7133757961783439 0.026442307692307692 0.044585987261146494
4 0.34134615384615385 0.7197452229299363 0.03125 0.028662420382165606
4 0.3557692307692308 0.732484076433121 0.021634615384615384 0.028662420382165606
4 0.49278846153846156 0.7834394904458599 0.019230769230769232 0.025477707006369428
4 0.4807692307692308 0.7898089171974523 0.014423076923076924 0.022292993630573247