0 0.27956989247311825 0.3389423076923077 0.07526881720430108 0.052884615384615384
3 0.44623655913978494 0.37259615384615385 0.08333333333333333 0.06971153846153846
4 0.34139784946236557 0.5576923076923077 0.10483870967741936 0.07211538461538461
4 0.42473118279569894 0.5721153846153846 0.053763440860215055 0.06971153846153846
4 0.5268817204301075 0.6418269230769231 0.053763440860215055 0.057692307692307696
4 0.5295698924731183 0.6442307692307693 0.05913978494623656 0.04807692307692308
4 0.33064516129032256 0.6875 0.051075268817204304 0.04326923076923077
4 0.4032258064516129 0.7115384615384616 0.0456989247311828 0.03365384615384615
3 0.22043010752688172 0.7548076923076923 0.08333333333333333 0.06971153846153846
3 0.4220430107526882 0.7740384615384616 0.06451612903225806 0.057692307692307696
4 0.8467741935483871 0.78125 0.06989247311827956 0.04807692307692308
3 0.16666666666666666 0.8918269230769231 0.0913978494623656 0.08173076923076923
4 0.5564516129032258 0.15144230769230768 0.07795698924731183 0.07932692307692307
4 0.5672043010752689 0.15384615384615385 0.07795698924731183 0.0673076923076923
3 0.4220430107526882 0.23076923076923078 0.06989247311827956 0.055288461538461536
0 0.27419354838709675 0.23076923076923078 0.08870967741935484 0.07932692307692307
0 0.3924731182795699 0.28846153846153844 0.08333333333333333 0.055288461538461536
0 0.3951612903225806 0.2932692307692308 0.06989247311827956 0.07211538461538461