4 0.6177884615384616 0.3108974358974359 0.026442307692307692 0.03205128205128205
4 0.5528846153846154 0.34294871794871795 0.03125 0.035256410256410256
4 0.5336538461538461 0.36217948717948717 0.038461538461538464 0.04487179487179487
2 0.5072115384615384 0.4358974358974359 0.09375 0.11217948717948718
3 0.4519230769230769 0.5769230769230769 0.038461538461538464 0.041666666666666664
3 0.5120192307692307 0.6698717948717948 0.040865384615384616 0.03205128205128205
4 0.42788461538461536 0.6955128205128205 0.03365384615384615 0.035256410256410256
3 0.5072115384615384 0.7019230769230769 0.04807692307692308 0.03205128205128205
4 0.41346153846153844 0.7275641025641025 0.036057692307692304 0.02564102564102564
4 0.4807692307692308 0.7339743589743589 0.036057692307692304 0.038461538461538464
3 0.5072115384615384 0.7596153846153846 0.057692307692307696 0.060897435897435896
3 0.5216346153846154 0.8141025641025641 0.03365384615384615 0.04807692307692308