3 0.53125 0.16987179487179488 0.07211538461538461 0.08974358974358974
0 0.4855769230769231 0.22756410256410256 0.052884615384615384 0.057692307692307696
0 0.6802884615384616 0.34294871794871795 0.04326923076923077 0.0673076923076923
0 0.7403846153846154 0.34935897435897434 0.04326923076923077 0.057692307692307696
0 0.44471153846153844 0.4807692307692308 0.052884615384615384 0.060897435897435896
2 0.3581730769230769 0.5128205128205128 0.10576923076923077 0.125
0 0.6538461538461539 0.5288461538461539 0.052884615384615384 0.05128205128205128
0 0.5240384615384616 0.5865384615384616 0.0625 0.04487179487179487
4 0.5288461538461539 0.6217948717948718 0.026442307692307692 0.02564102564102564
4 0.5192307692307693 0.6474358974358975 0.019230769230769232 0.022435897435897436
4 0.6514423076923077 0.657051282051282 0.03125 0.035256410256410256
4 0.36538461538461536 0.6987179487179487 0.021634615384615384 0.02564102564102564
4 0.6153846153846154 0.7019230769230769 0.019230769230769232 0.02564102564102564
4 0.7091346153846154 0.7051282051282052 0.04326923076923077 0.04807692307692308
4 0.6826923076923077 0.7083333333333334 0.016826923076923076 0.02564102564102564
4 0.4639423076923077 0.717948717948718 0.026442307692307692 0.04487179487179487
4 0.6586538461538461 0.7243589743589743 0.03125 0.028846153846153848
4 0.6442307692307693 0.7371794871794872 0.021634615384615384 0.028846153846153848
4 0.5072115384615384 0.7884615384615384 0.019230769230769232 0.02564102564102564
4 0.5192307692307693 0.7948717948717948 0.014423076923076924 0.022435897435897436