3 0.5854700854700855 0.2932692307692308 0.1752136752136752 0.06490384615384616
3 0.3547008547008547 0.3125 0.07692307692307693 0.057692307692307696
3 0.4358974358974359 0.39663461538461536 0.09829059829059829 0.0625
3 0.27350427350427353 0.4182692307692308 0.11965811965811966 0.04567307692307692
3 0.3418803418803419 0.43509615384615385 0.05982905982905983 0.040865384615384616
3 0.5854700854700855 0.44471153846153844 0.10683760683760683 0.07451923076923077
3 0.18803418803418803 0.47836538461538464 0.0811965811965812 0.04326923076923077
3 0.5384615384615384 0.5456730769230769 0.0641025641025641 0.04807692307692308
3 0.7307692307692307 0.5456730769230769 0.14957264957264957 0.07932692307692307
3 0.49145299145299143 0.5649038461538461 0.08974358974358974 0.052884615384615384
3 0.6239316239316239 0.6370192307692307 0.09401709401709402 0.04326923076923077
3 0.7051282051282052 0.6586538461538461 0.0811965811965812 0.0625
3 0.5897435897435898 0.6971153846153846 0.1282051282051282 0.06490384615384616