1 0.43086816720257237 0.25721153846153844 0.06752411575562701 0.03125
1 0.3440514469453376 0.4230769230769231 0.028938906752411574 0.03365384615384615
1 0.3054662379421222 0.42788461538461536 0.05144694533762058 0.055288461538461536
1 0.3536977491961415 0.4567307692307692 0.06109324758842444 0.019230769230769232
1 0.2733118971061093 0.4831730769230769 0.0707395498392283 0.038461538461538464
1 0.19614147909967847 0.49759615384615385 0.04823151125401929 0.03125
1 0.4919614147909968 0.5120192307692307 0.06752411575562701 0.07451923076923077
1 0.42765273311897106 0.5168269230769231 0.05466237942122187 0.06009615384615385
1 0.33440514469453375 0.5168269230769231 0.04823151125401929 0.057692307692307696
1 0.2347266881028939 0.5288461538461539 0.06752411575562701 0.038461538461538464
1 0.3954983922829582 0.5552884615384616 0.022508038585209004 0.040865384615384616
1 0.3536977491961415 0.5721153846153846 0.04501607717041801 0.04326923076923077
1 0.4340836012861736 0.6009615384615384 0.11254019292604502 0.052884615384615384
1 0.36012861736334406 0.6610576923076923 0.07717041800643087 0.07451923076923077
1 0.4790996784565916 0.6610576923076923 0.06109324758842444 0.052884615384615384