1 0.7112299465240641 0.3317307692307692 0.034759358288770054 0.04807692307692308
1 0.6631016042780749 0.34615384615384615 0.02406417112299465 0.040865384615384616
1 0.6497326203208557 0.4110576923076923 0.0427807486631016 0.06490384615384616
1 0.5561497326203209 0.4831730769230769 0.045454545454545456 0.06490384615384616
1 0.679144385026738 0.53125 0.040106951871657755 0.040865384615384616
1 0.7299465240641712 0.6081730769230769 0.034759358288770054 0.03125
1 0.6524064171122995 0.6201923076923077 0.05080213903743316 0.04807692307692308
1 0.8128342245989305 0.6899038461538461 0.058823529411764705 0.07932692307692307
3 0.4117647058823529 0.7163461538461539 0.040106951871657755 0.05048076923076923
1 0.7459893048128342 0.7283653846153846 0.053475935828877004 0.04326923076923077
1 0.6016042780748663 0.8004807692307693 0.0427807486631016 0.057692307692307696
1 0.5909090909090909 0.8725961538461539 0.029411764705882353 0.036057692307692304
1 0.28342245989304815 0.8725961538461539 0.05080213903743316 0.052884615384615384
1 0.5481283422459893 0.8918269230769231 0.034759358288770054 0.038461538461538464