5 0.3484042553191489 0.36778846153846156 0.013297872340425532 0.021634615384615384
5 0.375 0.37259615384615385 0.010638297872340425 0.02403846153846154
3 0.6968085106382979 0.4110576923076923 0.018617021276595744 0.02403846153846154
5 0.30319148936170215 0.4110576923076923 0.013297872340425532 0.019230769230769232
5 0.32978723404255317 0.45913461538461536 0.018617021276595744 0.02403846153846154
5 0.44680851063829785 0.46875 0.023936170212765957 0.026442307692307692
5 0.3829787234042553 0.49278846153846156 0.023936170212765957 0.021634615384615384
5 0.44680851063829785 0.5528846153846154 0.07180851063829788 0.038461538461538464
5 0.28191489361702127 0.5769230769230769 0.018617021276595744 0.021634615384615384
5 0.4015957446808511 0.65625 0.02925531914893617 0.021634615384615384
5 0.4308510638297872 0.6754807692307693 0.018617021276595744 0.019230769230769232
5 0.4787234042553192 0.6802884615384616 0.013297872340425532 0.026442307692307692
5 0.3962765957446808 0.7475961538461539 0.018617021276595744 0.021634615384615384
5 0.5106382978723404 0.8028846153846154 0.026595744680851064 0.028846153846153848
3 0.5771276595744681 0.8317307692307693 0.03723404255319149 0.02403846153846154
5 0.425531914893617 0.8341346153846154 0.015957446808510637 0.014423076923076924
5 0.48138297872340424 0.8581730769230769 0.015957446808510637 0.019230769230769232
5 0.5079787234042553 0.8653846153846154 0.023936170212765957 0.016826923076923076
5 0.5425531914893617 0.125 0.018617021276595744 0.02403846153846154
5 0.4920212765957447 0.13942307692307693 0.018617021276595744 0.019230769230769232
5 0.526595744680851 0.20192307692307693 0.02127659574468085 0.014423076923076924
5 0.30851063829787234 0.22355769230769232 0.026595744680851064 0.02403846153846154
5 0.43351063829787234 0.25 0.018617021276595744 0.014423076923076924
5 0.26861702127659576 0.25961538461538464 0.02925531914893617 0.028846153846153848
5 0.324468085106383 0.2764423076923077 0.018617021276595744 0.026442307692307692