1 0.6844919786096256 0.3317307692307692 0.045454545454545456 0.02403846153846154
1 0.8529411764705882 0.3581730769230769 0.03208556149732621 0.03125
1 0.7192513368983957 0.7043269230769231 0.0374331550802139 0.028846153846153848
1 0.6524064171122995 0.7211538461538461 0.045454545454545456 0.036057692307692304
1 0.8422459893048129 0.7427884615384616 0.05080213903743316 0.019230769230769232
1 0.4304812834224599 0.8966346153846154 0.0374331550802139 0.021634615384615384
1 0.4385026737967914 0.9206730769230769 0.026737967914438502 0.021634615384615384
0 0.4919786096256685 0.20192307692307693 0.02406417112299465 0.019230769230769232
0 0.44919786096256686 0.2091346153846154 0.02406417112299465 0.016826923076923076
0 0.45989304812834225 0.21634615384615385 0.016042780748663103 0.014423076923076924
5 0.4144385026737968 0.2283653846153846 0.016042780748663103 0.014423076923076924
0 0.47058823529411764 0.23317307692307693 0.0213903743315508 0.021634615384615384
5 0.42245989304812837 0.24519230769230768 0.0213903743315508 0.014423076923076924
1 0.4893048128342246 0.2668269230769231 0.029411764705882353 0.028846153846153848