4 0.14186851211072665 0.2891566265060241 0.11418685121107267 0.06265060240963856
0 0.8373702422145328 0.3325301204819277 0.08304498269896193 0.03855421686746988
2 0.5224913494809689 0.3349397590361446 0.1453287197231834 0.10843373493975904
4 0.356401384083045 0.3421686746987952 0.0657439446366782 0.05542168674698795
3 0.43252595155709345 0.35180722891566263 0.08304498269896193 0.06265060240963856
4 0.1522491349480969 0.35903614457831323 0.07612456747404844 0.060240963855421686
3 0.28719723183391005 0.43132530120481927 0.10380622837370242 0.060240963855421686
3 0.7474048442906575 0.4843373493975904 0.10726643598615918 0.07228915662650602
4 0.02768166089965398 0.5421686746987951 0.04152249134948097 0.03855421686746988
2 0.5743944636678201 0.6024096385542169 0.13494809688581316 0.09397590361445783
4 0.4913494809688581 0.6144578313253012 0.10034602076124567 0.06265060240963856
4 0.5155709342560554 0.689156626506024 0.0726643598615917 0.05783132530120482
4 0.8166089965397924 0.7132530120481928 0.13494809688581316 0.07710843373493977
4 0.9429065743944637 0.7891566265060241 0.10726643598615918 0.06987951807228916
4 0.7993079584775087 0.7951807228915663 0.11418685121107267 0.05783132530120482
4 0.4982698961937716 0.7975903614457831 0.07958477508650519 0.04578313253012048
4 0.5467128027681661 0.8313253012048193 0.0726643598615917 0.03855421686746988
4 0.6124567474048442 0.8481927710843373 0.11418685121107267 0.043373493975903614
4 0.6885813148788927 0.8795180722891566 0.1453287197231834 0.06746987951807229