1 0.6951871657754011 0.5841346153846154 0.034759358288770054 0.028846153846153848
1 0.5320855614973262 0.6009615384615384 0.06684491978609626 0.05048076923076923
1 0.6336898395721925 0.6201923076923077 0.045454545454545456 0.03125
1 0.7032085561497327 0.625 0.0427807486631016 0.038461538461538464
1 0.4197860962566845 0.6394230769230769 0.040106951871657755 0.028846153846153848
1 0.7192513368983957 0.6442307692307693 0.03208556149732621 0.021634615384615384
1 0.7459893048128342 0.6514423076923077 0.029411764705882353 0.03365384615384615
1 0.6176470588235294 0.6658653846153846 0.029411764705882353 0.03125
1 0.47058823529411764 0.6899038461538461 0.034759358288770054 0.036057692307692304
1 0.6096256684491979 0.7163461538461539 0.045454545454545456 0.028846153846153848
1 0.5721925133689839 0.7259615384615384 0.03208556149732621 0.04567307692307692
1 0.4358288770053476 0.7379807692307693 0.045454545454545456 0.03365384615384615
1 0.6818181818181818 0.7475961538461539 0.045454545454545456 0.04807692307692308
1 0.6417112299465241 0.7524038461538461 0.029411764705882353 0.03125
1 0.6149732620320856 0.7548076923076923 0.0481283422459893 0.028846153846153848
1 0.5454545454545454 0.7668269230769231 0.029411764705882353 0.021634615384615384
1 0.6497326203208557 0.7716346153846154 0.034759358288770054 0.03125
1 0.47593582887700536 0.7716346153846154 0.040106951871657755 0.040865384615384616
1 0.3983957219251337 0.8076923076923077 0.040106951871657755 0.04326923076923077
1 0.5267379679144385 0.8076923076923077 0.040106951871657755 0.04326923076923077
1 0.5641711229946524 0.8125 0.0374331550802139 0.03365384615384615
1 0.5053475935828877 0.8365384615384616 0.040106951871657755 0.038461538461538464
1 0.5427807486631016 0.84375 0.045454545454545456 0.03125
1 0.5561497326203209 0.9038461538461539 0.029411764705882353 0.036057692307692304
1 0.4893048128342246 0.9350961538461539 0.03208556149732621 0.026442307692307692
1 0.3315508021390374 0.9591346153846154 0.040106951871657755 0.03125
1 0.35561497326203206 0.9831730769230769 0.045454545454545456 0.03125