1 0.1675531914893617 0.5504807692307693 0.02925531914893617 0.019230769230769232
1 0.27925531914893614 0.5625 0.034574468085106384 0.03125
1 0.15159574468085107 0.5649038461538461 0.02925531914893617 0.02403846153846154
1 0.19946808510638298 0.5913461538461539 0.03723404255319149 0.026442307692307692
1 0.4148936170212766 0.6129807692307693 0.031914893617021274 0.03125
1 0.1356382978723404 0.6177884615384616 0.02925531914893617 0.021634615384615384
1 0.11170212765957446 0.6346153846153846 0.023936170212765957 0.02403846153846154
1 0.17553191489361702 0.6418269230769231 0.02925531914893617 0.021634615384615384
1 0.22606382978723405 0.6490384615384616 0.0425531914893617 0.04567307692307692
1 0.35904255319148937 0.6586538461538461 0.02925531914893617 0.03125
1 0.26861702127659576 0.6923076923076923 0.03723404255319149 0.04807692307692308
1 0.17819148936170212 0.7163461538461539 0.05053191489361702 0.036057692307692304
1 0.4095744680851064 0.71875 0.0398936170212766 0.03125
1 0.22340425531914893 0.7283653846153846 0.0425531914893617 0.03125
1 0.300531914893617 0.7403846153846154 0.02925531914893617 0.02403846153846154
1 0.2047872340425532 0.7475961538461539 0.03723404255319149 0.03125
1 0.2872340425531915 0.78125 0.031914893617021274 0.02403846153846154
1 0.31382978723404253 0.8173076923076923 0.034574468085106384 0.036057692307692304
1 0.31382978723404253 0.8798076923076923 0.031914893617021274 0.02403846153846154
4 0.5531914893617021 0.9206730769230769 0.034574468085106384 0.02403846153846154
4 0.5930851063829787 0.2091346153846154 0.034574468085106384 0.03125