5 0.4920212765957447 0.3004807692307692 0.015957446808510637 0.019230769230769232
5 0.2393617021276596 0.3269230769230769 0.015957446808510637 0.026442307692307692
5 0.5372340425531915 0.40384615384615385 0.018617021276595744 0.028846153846153848
5 0.5664893617021277 0.45913461538461536 0.018617021276595744 0.026442307692307692
5 0.34308510638297873 0.5697115384615384 0.023936170212765957 0.016826923076923076
5 0.29521276595744683 0.5745192307692307 0.023936170212765957 0.016826923076923076
5 0.27393617021276595 0.5841346153846154 0.015957446808510637 0.016826923076923076
5 0.32180851063829785 0.6033653846153846 0.026595744680851064 0.021634615384615384
5 0.44680851063829785 0.7235576923076923 0.023936170212765957 0.026442307692307692
5 0.38563829787234044 0.7307692307692307 0.026595744680851064 0.02403846153846154
5 0.4654255319148936 0.75 0.031914893617021274 0.028846153846153848
5 0.5638297872340425 0.17307692307692307 0.018617021276595744 0.02403846153846154
5 0.5106382978723404 0.18990384615384615 0.023936170212765957 0.021634615384615384
5 0.47074468085106386 0.1971153846153846 0.034574468085106384 0.016826923076923076
5 0.6223404255319149 0.21394230769230768 0.02127659574468085 0.026442307692307692
5 0.4095744680851064 0.23076923076923078 0.013297872340425532 0.016826923076923076
5 0.36436170212765956 0.25961538461538464 0.026595744680851064 0.016826923076923076
5 0.19148936170212766 0.2860576923076923 0.023936170212765957 0.016826923076923076