3 0.43028846153846156 0.5503597122302158 0.03365384615384615 0.050359712230215826
0 0.5528846153846154 0.5755395683453237 0.03125 0.0539568345323741
1 0.4543269230769231 0.6079136690647482 0.038461538461538464 0.03597122302158273
1 0.4206730769230769 0.6834532374100719 0.04326923076923077 0.0683453237410072
3 0.5504807692307693 0.7410071942446043 0.026442307692307692 0.05755395683453238
1 0.47115384615384615 0.7913669064748201 0.02403846153846154 0.03597122302158273
1 0.5192307692307693 0.802158273381295 0.028846153846153848 0.03237410071942446
1 0.41346153846153844 0.8165467625899281 0.021634615384615384 0.046762589928057555
1 0.4831730769230769 0.8489208633093526 0.03125 0.046762589928057555
5 0.4807692307692308 0.2446043165467626 0.01201923076923077 0.02158273381294964
5 0.5745192307692307 0.2446043165467626 0.016826923076923076 0.017985611510791366
5 0.5192307692307693 0.2589928057553957 0.01201923076923077 0.017985611510791366
5 0.46153846153846156 0.26258992805755393 0.009615384615384616 0.017985611510791366
5 0.47836538461538464 0.26258992805755393 0.01201923076923077 0.017985611510791366
5 0.49759615384615385 0.2697841726618705 0.016826923076923076 0.025179856115107913
5 0.5288461538461539 0.28776978417266186 0.016826923076923076 0.025179856115107913