5 0.5957446808510638 0.3004807692307692 0.018617021276595744 0.014423076923076924
5 0.5 0.3317307692307692 0.023936170212765957 0.021634615384615384
5 0.6382978723404256 0.33653846153846156 0.026595744680851064 0.014423076923076924
4 0.5691489361702128 0.3485576923076923 0.031914893617021274 0.021634615384615384
5 0.6648936170212766 0.5576923076923077 0.015957446808510637 0.019230769230769232
5 0.7313829787234043 0.5576923076923077 0.026595744680851064 0.019230769230769232
5 0.6382978723404256 0.6610576923076923 0.031914893617021274 0.02403846153846154
5 0.6648936170212766 0.6875 0.02925531914893617 0.021634615384615384
5 0.5851063829787234 0.6899038461538461 0.023936170212765957 0.026442307692307692
5 0.6542553191489362 0.8004807692307693 0.031914893617021274 0.019230769230769232
5 0.40691489361702127 0.9254807692307693 0.02925531914893617 0.026442307692307692
5 0.45478723404255317 0.9423076923076923 0.026595744680851064 0.019230769230769232
5 0.5212765957446809 0.23557692307692307 0.026595744680851064 0.02403846153846154
5 0.5851063829787234 0.25721153846153844 0.023936170212765957 0.02403846153846154
5 0.48404255319148937 0.27884615384615385 0.02127659574468085 0.021634615384615384
5 0.35106382978723405 0.28125 0.02925531914893617 0.019230769230769232