4 0.7593582887700535 0.31009615384615385 0.0374331550802139 0.03125
5 0.9385026737967914 0.3894230769230769 0.026737967914438502 0.021634615384615384
4 0.7379679144385026 0.47596153846153844 0.034759358288770054 0.03125
3 0.5347593582887701 0.5192307692307693 0.034759358288770054 0.040865384615384616
3 0.6737967914438503 0.5336538461538461 0.0481283422459893 0.040865384615384616
5 0.9278074866310161 0.6274038461538461 0.026737967914438502 0.02403846153846154
5 0.6417112299465241 0.6899038461538461 0.026737967914438502 0.028846153846153848
5 0.7192513368983957 0.6947115384615384 0.0374331550802139 0.03125
5 0.5454545454545454 0.7331730769230769 0.029411764705882353 0.028846153846153848
5 0.767379679144385 0.7403846153846154 0.0374331550802139 0.026442307692307692
5 0.5267379679144385 0.8774038461538461 0.02406417112299465 0.016826923076923076