1 0.4574468085106383 0.3173076923076923 0.031914893617021274 0.03125
4 0.18085106382978725 0.3701923076923077 0.02925531914893617 0.019230769230769232
5 0.5132978723404256 0.5384615384615384 0.02127659574468085 0.019230769230769232
0 0.4148936170212766 0.6346153846153846 0.031914893617021274 0.02403846153846154
5 0.3377659574468085 0.6706730769230769 0.031914893617021274 0.02403846153846154
1 0.11436170212765957 0.6730769230769231 0.02925531914893617 0.021634615384615384
1 0.1702127659574468 0.6923076923076923 0.023936170212765957 0.016826923076923076
1 0.13297872340425532 0.6923076923076923 0.031914893617021274 0.026442307692307692
1 0.15691489361702127 0.6995192307692307 0.031914893617021274 0.021634615384615384
5 0.48138297872340424 0.7283653846153846 0.018617021276595744 0.014423076923076924
3 0.1675531914893617 0.7524038461538461 0.026595744680851064 0.02403846153846154
5 0.44148936170212766 0.8870192307692307 0.02127659574468085 0.016826923076923076
4 0.31648936170212766 0.9134615384615384 0.031914893617021274 0.026442307692307692
1 0.2925531914893617 0.2644230769230769 0.031914893617021274 0.026442307692307692
1 0.375 0.2764423076923077 0.034574468085106384 0.03365384615384615