3 0.7259615384615384 0.3079710144927536 0.040865384615384616 0.07971014492753623
3 0.6009615384615384 0.31521739130434784 0.0673076923076923 0.09420289855072464
3 0.31490384615384615 0.39492753623188404 0.04807692307692308 0.07971014492753623
3 0.38461538461538464 0.39492753623188404 0.036057692307692304 0.06521739130434782
4 0.4206730769230769 0.5072463768115942 0.040865384615384616 0.06884057971014493
3 0.3798076923076923 0.5253623188405797 0.06009615384615385 0.08333333333333333
3 0.53125 0.6195652173913043 0.07211538461538461 0.07246376811594203
3 0.3317307692307692 0.06884057971014493 0.0673076923076923 0.08695652173913043
0 0.23557692307692307 0.782608695652174 0.0625 0.08333333333333333
3 0.375 0.8152173913043478 0.04807692307692308 0.06159420289855073
3 0.2644230769230769 0.8659420289855072 0.04326923076923077 0.07971014492753623
3 0.5456730769230769 0.18478260869565216 0.055288461538461536 0.08695652173913043
3 0.38461538461538464 0.30434782608695654 0.057692307692307696 0.07971014492753623