0 0.4855769230769231 0.3079710144927536 0.019230769230769232 0.025362318840579712
1 0.34134615384615385 0.32608695652173914 0.04567307692307692 0.050724637681159424
0 0.30528846153846156 0.32971014492753625 0.019230769230769232 0.036231884057971016
0 0.3918269230769231 0.32971014492753625 0.019230769230769232 0.028985507246376812
0 0.2980769230769231 0.32971014492753625 0.026442307692307692 0.036231884057971016
1 0.6129807692307693 0.35507246376811596 0.052884615384615384 0.08333333333333333
0 0.4735576923076923 0.4528985507246377 0.026442307692307692 0.03985507246376811
1 0.4110576923076923 0.4963768115942029 0.05048076923076923 0.06884057971014493
1 0.5504807692307693 0.5579710144927537 0.038461538461538464 0.050724637681159424
3 0.5024038461538461 0.6413043478260869 0.036057692307692304 0.06159420289855073
0 0.4110576923076923 0.18115942028985507 0.014423076923076924 0.018115942028985508
0 0.5528846153846154 0.19927536231884058 0.02403846153846154 0.03260869565217391
0 0.2860576923076923 0.2028985507246377 0.014423076923076924 0.021739130434782608
0 0.3942307692307692 0.213768115942029 0.016826923076923076 0.03985507246376811
0 0.30288461538461536 0.22826086956521738 0.02403846153846154 0.021739130434782608
0 0.3557692307692308 0.23550724637681159 0.014423076923076924 0.025362318840579712
0 0.3076923076923077 0.2391304347826087 0.01201923076923077 0.025362318840579712
0 0.5721153846153846 0.2391304347826087 0.019230769230769232 0.036231884057971016
0 0.5216346153846154 0.2463768115942029 0.02403846153846154 0.036231884057971016
0 0.34375 0.2536231884057971 0.014423076923076924 0.03260869565217391
0 0.43990384615384615 0.2644927536231884 0.021634615384615384 0.03260869565217391
0 0.5456730769230769 0.26811594202898553 0.02403846153846154 0.028985507246376812
0 0.4519230769230769 0.286231884057971 0.014423076923076924 0.025362318840579712
0 0.4254807692307692 0.286231884057971 0.019230769230769232 0.021739130434782608
0 0.5360576923076923 0.3007246376811594 0.021634615384615384 0.028985507246376812