3 0.27403846153846156 0.3057553956834532 0.040865384615384616 0.07913669064748201
3 0.39903846153846156 0.3129496402877698 0.0673076923076923 0.09352517985611511
3 0.6850961538461539 0.3920863309352518 0.04807692307692308 0.07913669064748201
3 0.6153846153846154 0.3920863309352518 0.036057692307692304 0.06474820143884892
4 0.5793269230769231 0.5035971223021583 0.040865384615384616 0.0683453237410072
3 0.6201923076923077 0.5215827338129496 0.06009615384615385 0.08273381294964029
3 0.46875 0.6151079136690647 0.07211538461538461 0.07194244604316546
3 0.6682692307692307 0.0683453237410072 0.0673076923076923 0.08633093525179857
0 0.7644230769230769 0.7769784172661871 0.0625 0.08273381294964029
3 0.625 0.8093525179856115 0.04807692307692308 0.06115107913669065
3 0.7355769230769231 0.8597122302158273 0.04326923076923077 0.07913669064748201
3 0.4543269230769231 0.18345323741007194 0.055288461538461536 0.08633093525179857
3 0.6153846153846154 0.302158273381295 0.057692307692307696 0.07913669064748201