1 0.7686170212765957 0.5192307692307693 0.0398936170212766 0.03125
1 0.699468085106383 0.5480769230769231 0.0398936170212766 0.03125
1 0.4574468085106383 0.5697115384615384 0.034574468085106384 0.03365384615384615
1 0.7526595744680851 0.5697115384615384 0.04521276595744681 0.0625
1 0.5797872340425532 0.5721153846153846 0.05053191489361702 0.052884615384615384
1 0.7101063829787234 0.5841346153846154 0.04521276595744681 0.03365384615384615
1 0.6675531914893617 0.5985576923076923 0.05053191489361702 0.04326923076923077
1 0.4441489361702128 0.6418269230769231 0.02925531914893617 0.038461538461538464
1 0.5930851063829787 0.6466346153846154 0.034574468085106384 0.03125
1 0.6702127659574468 0.6514423076923077 0.05319148936170213 0.05048076923076923
1 0.5372340425531915 0.6538461538461539 0.05053191489361702 0.03365384615384615
1 0.47606382978723405 0.6538461538461539 0.031914893617021274 0.03125
1 0.6223404255319149 0.6610576923076923 0.0398936170212766 0.036057692307692304
1 0.47606382978723405 0.6875 0.0425531914893617 0.03125
1 0.6037234042553191 0.7043269230769231 0.031914893617021274 0.03125
1 0.5425531914893617 0.7211538461538461 0.031914893617021274 0.03125
1 0.5851063829787234 0.7355769230769231 0.0398936170212766 0.038461538461538464
1 0.6196808510638298 0.7355769230769231 0.03723404255319149 0.03125
1 0.6276595744680851 0.8004807692307693 0.034574468085106384 0.040865384615384616
1 0.5558510638297872 0.8197115384615384 0.0425531914893617 0.040865384615384616
1 0.6276595744680851 0.8389423076923077 0.034574468085106384 0.02403846153846154
1 0.31117021276595747 0.1658653846153846 0.02925531914893617 0.026442307692307692
1 0.27393617021276595 0.18269230769230768 0.0398936170212766 0.03125