5 0.523936170212766 0.4807692307692308 0.02925531914893617 0.038461538461538464
5 0.5585106382978723 0.5576923076923077 0.02127659574468085 0.021634615384615384
1 0.848404255319149 0.6033653846153846 0.047872340425531915 0.06490384615384616
5 0.7925531914893617 0.6081730769230769 0.023936170212765957 0.026442307692307692
1 0.898936170212766 0.6201923076923077 0.04521276595744681 0.0625
5 0.6356382978723404 0.7259615384615384 0.023936170212765957 0.038461538461538464
5 0.6063829787234043 0.8076923076923077 0.023936170212765957 0.019230769230769232
5 0.4601063829787234 0.8365384615384616 0.026595744680851064 0.019230769230769232
5 0.5691489361702128 0.8966346153846154 0.031914893617021274 0.026442307692307692
5 0.47606382978723405 0.9038461538461539 0.013297872340425532 0.021634615384615384
5 0.5372340425531915 0.9254807692307693 0.013297872340425532 0.021634615384615384
5 0.5106382978723404 0.9278846153846154 0.018617021276595744 0.02403846153846154
5 0.6409574468085106 0.25721153846153844 0.026595744680851064 0.019230769230769232