5 0.18983957219251338 0.3918269230769231 0.026737967914438502 0.02403846153846154
0 0.2700534759358289 0.5384615384615384 0.034759358288770054 0.02403846153846154
0 0.35294117647058826 0.6033653846153846 0.0374331550802139 0.021634615384615384
3 0.44385026737967914 0.7331730769230769 0.02406417112299465 0.019230769230769232
0 0.3716577540106952 0.7740384615384616 0.013368983957219251 0.014423076923076924
1 0.44385026737967914 0.8870192307692307 0.029411764705882353 0.03125
5 0.3716577540106952 0.17067307692307693 0.034759358288770054 0.02403846153846154
5 0.43315508021390375 0.17548076923076922 0.026737967914438502 0.02403846153846154
5 0.45187165775401067 0.1778846153846154 0.029411764705882353 0.019230769230769232
5 0.4090909090909091 0.18028846153846154 0.02406417112299465 0.02403846153846154
5 0.48663101604278075 0.20432692307692307 0.0213903743315508 0.021634615384615384