3 0.5053191489361702 0.29086538461538464 0.07180851063829788 0.04807692307692308
3 0.23670212765957446 0.5721153846153846 0.047872340425531915 0.040865384615384616
4 0.28191489361702127 0.5769230769230769 0.07446808510638298 0.04326923076923077
3 0.2925531914893617 0.65625 0.05053191489361702 0.038461538461538464
3 0.523936170212766 0.6634615384615384 0.05585106382978723 0.038461538461538464
3 0.375 0.7427884615384616 0.05319148936170213 0.040865384615384616
3 0.5159574468085106 0.7524038461538461 0.034574468085106384 0.026442307692307692
4 0.43617021276595747 0.7524038461538461 0.03723404255319149 0.036057692307692304
4 0.42819148936170215 0.8317307692307693 0.05053191489361702 0.040865384615384616
3 0.5345744680851063 0.9350961538461539 0.034574468085106384 0.028846153846153848
4 0.5718085106382979 0.20432692307692307 0.0398936170212766 0.03365384615384615