1 0.23529411764705882 0.2932692307692308 0.034759358288770054 0.038461538461538464
1 0.20855614973262032 0.4807692307692308 0.0213903743315508 0.03125
1 0.3609625668449198 0.6033653846153846 0.034759358288770054 0.036057692307692304
1 0.1925133689839572 0.6298076923076923 0.045454545454545456 0.03125
1 0.37433155080213903 0.6418269230769231 0.040106951871657755 0.04567307692307692
1 0.2887700534759358 0.6514423076923077 0.0427807486631016 0.057692307692307696
1 0.18983957219251338 0.6658653846153846 0.06149732620320856 0.04326923076923077
1 0.4037433155080214 0.6947115384615384 0.05080213903743316 0.040865384615384616
1 0.2914438502673797 0.7115384615384616 0.0374331550802139 0.038461538461538464
1 0.20588235294117646 0.71875 0.0374331550802139 0.038461538461538464
1 0.3502673796791444 0.7548076923076923 0.03208556149732621 0.04567307692307692