1 0.22192513368983957 0.5673076923076923 0.029411764705882353 0.028846153846153848
1 0.38235294117647056 0.5817307692307693 0.040106951871657755 0.036057692307692304
1 0.3422459893048128 0.6899038461538461 0.029411764705882353 0.028846153846153848
1 0.2620320855614973 0.7067307692307693 0.0374331550802139 0.036057692307692304
1 0.34759358288770054 0.7307692307692307 0.06149732620320856 0.040865384615384616
3 0.27807486631016043 0.7379807692307693 0.03208556149732621 0.03125
1 0.3609625668449198 0.7980769230769231 0.029411764705882353 0.036057692307692304
1 0.393048128342246 0.8076923076923077 0.0213903743315508 0.03365384615384615
1 0.29411764705882354 0.8100961538461539 0.034759358288770054 0.03365384615384615
1 0.2700534759358289 0.8581730769230769 0.034759358288770054 0.04567307692307692
1 0.30213903743315507 0.8605769230769231 0.029411764705882353 0.03365384615384615
1 0.3877005347593583 0.8605769230769231 0.05080213903743316 0.0625