5 0.6276595744680851 0.31009615384615385 0.018617021276595744 0.016826923076923076
1 0.300531914893617 0.4831730769230769 0.034574468085106384 0.026442307692307692
5 0.40691489361702127 0.04807692307692308 0.015957446808510637 0.014423076923076924
1 0.24202127659574468 0.5 0.023936170212765957 0.021634615384615384
5 0.3803191489361702 0.04807692307692308 0.018617021276595744 0.014423076923076924
5 0.449468085106383 0.05048076923076923 0.018617021276595744 0.01201923076923077
1 0.40425531914893614 0.5721153846153846 0.031914893617021274 0.028846153846153848
5 0.45478723404255317 0.0673076923076923 0.015957446808510637 0.009615384615384616
5 0.43351063829787234 0.07211538461538461 0.018617021276595744 0.009615384615384616
5 0.39095744680851063 0.07211538461538461 0.010638297872340425 0.014423076923076924
5 0.3723404255319149 0.07451923076923077 0.013297872340425532 0.01201923076923077
5 0.34574468085106386 0.08173076923076923 0.015957446808510637 0.016826923076923076
5 0.4228723404255319 0.08413461538461539 0.015957446808510637 0.009615384615384616
5 0.47074468085106386 0.08653846153846154 0.02925531914893617 0.019230769230769232
5 0.5186170212765957 0.0889423076923077 0.023936170212765957 0.016826923076923076
5 0.2978723404255319 0.09615384615384616 0.023936170212765957 0.016826923076923076
5 0.3377659574468085 0.0985576923076923 0.023936170212765957 0.019230769230769232
5 0.5106382978723404 0.10817307692307693 0.023936170212765957 0.016826923076923076