5 0.6497326203208557 0.36778846153846156 0.013368983957219251 0.021634615384615384
5 0.6229946524064172 0.37259615384615385 0.0106951871657754 0.02403846153846154
3 0.2994652406417112 0.4110576923076923 0.01871657754010695 0.02403846153846154
5 0.6951871657754011 0.4110576923076923 0.013368983957219251 0.019230769230769232
5 0.6684491978609626 0.45913461538461536 0.01871657754010695 0.02403846153846154
5 0.5508021390374331 0.46875 0.02406417112299465 0.026442307692307692
5 0.6149732620320856 0.49278846153846156 0.02406417112299465 0.021634615384615384
5 0.5508021390374331 0.5528846153846154 0.07219251336898395 0.038461538461538464
5 0.7165775401069518 0.5769230769230769 0.01871657754010695 0.021634615384615384
5 0.5962566844919787 0.65625 0.029411764705882353 0.021634615384615384
5 0.5668449197860963 0.6754807692307693 0.01871657754010695 0.019230769230769232
5 0.5187165775401069 0.6802884615384616 0.013368983957219251 0.026442307692307692
5 0.6016042780748663 0.7475961538461539 0.01871657754010695 0.021634615384615384
5 0.48663101604278075 0.8028846153846154 0.026737967914438502 0.028846153846153848
3 0.4197860962566845 0.8317307692307693 0.0374331550802139 0.02403846153846154
5 0.5721925133689839 0.8341346153846154 0.016042780748663103 0.014423076923076924
5 0.516042780748663 0.8581730769230769 0.016042780748663103 0.019230769230769232
5 0.4893048128342246 0.8653846153846154 0.02406417112299465 0.016826923076923076
5 0.45454545454545453 0.125 0.01871657754010695 0.02403846153846154
5 0.5053475935828877 0.13942307692307693 0.01871657754010695 0.019230769230769232
5 0.47058823529411764 0.20192307692307693 0.0213903743315508 0.014423076923076924
5 0.6898395721925134 0.22355769230769232 0.026737967914438502 0.02403846153846154
5 0.5641711229946524 0.25 0.01871657754010695 0.014423076923076924
5 0.7299465240641712 0.25961538461538464 0.029411764705882353 0.028846153846153848
5 0.6737967914438503 0.2764423076923077 0.01871657754010695 0.026442307692307692