3 0.4919786096256685 0.29086538461538464 0.07219251336898395 0.04807692307692308
3 0.7620320855614974 0.5721153846153846 0.0481283422459893 0.040865384615384616
4 0.7165775401069518 0.5769230769230769 0.0748663101604278 0.04326923076923077
3 0.7058823529411765 0.65625 0.05080213903743316 0.038461538461538464
3 0.4732620320855615 0.6634615384615384 0.05614973262032086 0.038461538461538464
3 0.6229946524064172 0.7427884615384616 0.053475935828877004 0.040865384615384616
3 0.48128342245989303 0.7524038461538461 0.034759358288770054 0.026442307692307692
4 0.5614973262032086 0.7524038461538461 0.0374331550802139 0.036057692307692304
4 0.56951871657754 0.8317307692307693 0.05080213903743316 0.040865384615384616
3 0.4625668449197861 0.9350961538461539 0.034759358288770054 0.028846153846153848
4 0.42513368983957217 0.20432692307692307 0.040106951871657755 0.03365384615384615