5 0.2727272727272727 0.2980769230769231 0.01871657754010695 0.021634615384615384
5 0.3609625668449198 0.30288461538461536 0.01871657754010695 0.014423076923076924
5 0.31283422459893045 0.31009615384615385 0.0213903743315508 0.021634615384615384
0 0.42513368983957217 0.3317307692307692 0.02406417112299465 0.016826923076923076
4 0.33689839572192515 0.35096153846153844 0.03208556149732621 0.028846153846153848
5 0.44385026737967914 0.37740384615384615 0.03208556149732621 0.021634615384615384
5 0.2700534759358289 0.3918269230769231 0.02406417112299465 0.016826923076923076
4 0.21390374331550802 0.4014423076923077 0.02406417112299465 0.019230769230769232
5 0.18983957219251338 0.4519230769230769 0.0106951871657754 0.014423076923076924
5 0.232620320855615 0.47115384615384615 0.013368983957219251 0.01201923076923077
5 0.16844919786096257 0.625 0.01871657754010695 0.01201923076923077
5 0.232620320855615 0.6274038461538461 0.016042780748663103 0.014423076923076924
5 0.2887700534759358 0.6394230769230769 0.016042780748663103 0.009615384615384616
0 0.24866310160427807 0.6538461538461539 0.0213903743315508 0.014423076923076924
5 0.37433155080213903 0.6730769230769231 0.01871657754010695 0.014423076923076924
5 0.29411764705882354 0.7019230769230769 0.013368983957219251 0.01201923076923077
5 0.22994652406417113 0.7067307692307693 0.013368983957219251 0.009615384615384616
5 0.33689839572192515 0.7115384615384616 0.008021390374331552 0.007211538461538462
5 0.3155080213903743 0.7115384615384616 0.013368983957219251 0.007211538461538462
5 0.27540106951871657 0.7163461538461539 0.016042780748663103 0.009615384615384616
5 0.24598930481283424 0.7235576923076923 0.016042780748663103 0.01201923076923077
5 0.3850267379679144 0.7283653846153846 0.013368983957219251 0.01201923076923077
5 0.37433155080213903 0.7307692307692307 0.01871657754010695 0.014423076923076924
5 0.22727272727272727 0.7379807692307693 0.013368983957219251 0.009615384615384616
5 0.2994652406417112 0.75 0.013368983957219251 0.007211538461538462
5 0.2540106951871658 0.7548076923076923 0.013368983957219251 0.009615384615384616
5 0.2620320855614973 0.7596153846153846 0.0106951871657754 0.01201923076923077
5 0.3983957219251337 0.7644230769230769 0.016042780748663103 0.014423076923076924
5 0.2727272727272727 0.7716346153846154 0.013368983957219251 0.009615384615384616
5 0.26737967914438504 0.7884615384615384 0.016042780748663103 0.007211538461538462
5 0.30213903743315507 0.7908653846153846 0.016042780748663103 0.009615384615384616
5 0.3315508021390374 0.7908653846153846 0.016042780748663103 0.009615384615384616
5 0.39572192513368987 0.8076923076923077 0.016042780748663103 0.01201923076923077
5 0.30213903743315507 0.8149038461538461 0.0106951871657754 0.009615384615384616
5 0.30213903743315507 0.8245192307692307 0.016042780748663103 0.01201923076923077
5 0.35561497326203206 0.8317307692307693 0.016042780748663103 0.01201923076923077
5 0.32085561497326204 0.84375 0.013368983957219251 0.009615384615384616
5 0.21390374331550802 0.8485576923076923 0.0106951871657754 0.01201923076923077
5 0.37433155080213903 0.8509615384615384 0.016042780748663103 0.014423076923076924
5 0.3582887700534759 0.8846153846153846 0.016042780748663103 0.016826923076923076
5 0.3422459893048128 0.8966346153846154 0.0106951871657754 0.007211538461538462
0 0.5026737967914439 0.9182692307692307 0.013368983957219251 0.009615384615384616
5 0.4919786096256685 0.9375 0.013368983957219251 0.009615384615384616
5 0.4786096256684492 0.9375 0.0106951871657754 0.009615384615384616
3 0.43315508021390375 0.9447115384615384 0.026737967914438502 0.021634615384615384
5 0.41711229946524064 0.21875 0.02406417112299465 0.01201923076923077
5 0.4090909090909091 0.24759615384615385 0.026737967914438502 0.01201923076923077
5 0.35294117647058826 0.2620192307692308 0.01871657754010695 0.014423076923076924
5 0.40641711229946526 0.27403846153846156 0.02406417112299465 0.026442307692307692