5 0.5345744680851063 0.30288461538461536 0.023936170212765957 0.019230769230769232
5 0.75 0.35336538461538464 0.02127659574468085 0.026442307692307692
5 0.7978723404255319 0.3557692307692308 0.023936170212765957 0.026442307692307692
5 0.7101063829787234 0.37259615384615385 0.02925531914893617 0.028846153846153848
5 0.8058510638297872 0.4254807692307692 0.02127659574468085 0.036057692307692304
5 0.7978723404255319 0.5240384615384616 0.02925531914893617 0.03125
5 0.7978723404255319 0.5697115384615384 0.02925531914893617 0.02403846153846154
5 0.7686170212765957 0.6057692307692307 0.013297872340425532 0.016826923076923076
5 0.6595744680851063 0.6153846153846154 0.02925531914893617 0.03125
5 0.7074468085106383 0.6418269230769231 0.015957446808510637 0.021634615384615384
5 0.6037234042553191 0.6514423076923077 0.03723404255319149 0.028846153846153848
5 0.7101063829787234 0.6682692307692307 0.015957446808510637 0.019230769230769232
5 0.7287234042553191 0.6778846153846154 0.023936170212765957 0.026442307692307692
5 0.6781914893617021 0.6826923076923077 0.02127659574468085 0.019230769230769232
5 0.6196808510638298 0.6947115384615384 0.02127659574468085 0.016826923076923076
5 0.6462765957446809 0.6995192307692307 0.023936170212765957 0.02403846153846154
5 0.7553191489361702 0.7019230769230769 0.023936170212765957 0.02403846153846154
5 0.8324468085106383 0.7259615384615384 0.026595744680851064 0.028846153846153848
5 0.5345744680851063 0.7836538461538461 0.034574468085106384 0.014423076923076924
5 0.5292553191489362 0.22596153846153846 0.02925531914893617 0.021634615384615384
5 0.4654255319148936 0.2620192307692308 0.026595744680851064 0.016826923076923076
5 0.5 0.27403846153846156 0.02127659574468085 0.028846153846153848