4 0.14627659574468085 0.375 0.03723404255319149 0.02403846153846154
4 0.2526595744680851 0.38221153846153844 0.0398936170212766 0.028846153846153848
5 0.20212765957446807 0.40625 0.02925531914893617 0.02403846153846154
5 0.1702127659574468 0.40625 0.02925531914893617 0.019230769230769232
5 0.1356382978723404 0.4110576923076923 0.023936170212765957 0.021634615384615384
4 0.14361702127659576 0.45913461538461536 0.0398936170212766 0.028846153846153848
1 0.42819148936170215 0.5841346153846154 0.034574468085106384 0.02403846153846154
1 0.375 0.5889423076923077 0.04521276595744681 0.03125
5 0.30851063829787234 0.6177884615384616 0.031914893617021274 0.02403846153846154
3 0.3484042553191489 0.6274038461538461 0.0425531914893617 0.040865384615384616
5 0.2074468085106383 0.7764423076923077 0.026595744680851064 0.026442307692307692
4 0.3962765957446808 0.90625 0.026595744680851064 0.028846153846153848
4 0.3723404255319149 0.9134615384615384 0.03723404255319149 0.03365384615384615