2 0.6149732620320856 0.36778846153846156 0.08288770053475936 0.0889423076923077
4 0.22459893048128343 0.5961538461538461 0.0374331550802139 0.038461538461538464
3 0.47058823529411764 0.6225961538461539 0.053475935828877004 0.04807692307692308
3 0.5213903743315508 0.625 0.058823529411764705 0.0673076923076923
4 0.47058823529411764 0.625 0.045454545454545456 0.03365384615384615
0 0.3770053475935829 0.7331730769230769 0.040106951871657755 0.04567307692307692
4 0.20588235294117646 0.7355769230769231 0.034759358288770054 0.04567307692307692
3 0.5 0.8653846153846154 0.06149732620320856 0.057692307692307696
4 0.5 0.8701923076923077 0.045454545454545456 0.040865384615384616
4 0.2647058823529412 0.9110576923076923 0.058823529411764705 0.04567307692307692
2 0.44385026737967914 0.10336538461538461 0.1497326203208556 0.1201923076923077
3 0.4893048128342246 0.21394230769230768 0.05080213903743316 0.06009615384615385
4 0.6550802139037433 0.25240384615384615 0.040106951871657755 0.040865384615384616