5 0.45187165775401067 0.28846153846153844 0.016042780748663103 0.01201923076923077
5 0.32085561497326204 0.28846153846153844 0.040106951871657755 0.019230769230769232
5 0.3449197860962567 0.31009615384615385 0.02406417112299465 0.01201923076923077
5 0.23796791443850268 0.3605769230769231 0.029411764705882353 0.021634615384615384
5 0.21657754010695188 0.40384615384615385 0.026737967914438502 0.021634615384615384
1 0.17379679144385027 0.40865384615384615 0.01871657754010695 0.009615384615384616
5 0.3235294117647059 0.4423076923076923 0.01871657754010695 0.01201923076923077
5 0.27807486631016043 0.4519230769230769 0.016042780748663103 0.014423076923076924
5 0.19518716577540107 0.46875 0.040106951871657755 0.007211538461538462
3 0.18181818181818182 0.4879807692307692 0.02406417112299465 0.009615384615384616
1 0.16042780748663102 0.5048076923076923 0.03208556149732621 0.019230769230769232
5 0.24598930481283424 0.5673076923076923 0.016042780748663103 0.016826923076923076
5 0.2807486631016043 0.6274038461538461 0.02406417112299465 0.01201923076923077
3 0.18449197860962566 0.7956730769230769 0.02406417112299465 0.014423076923076924