1 0.7019230769230769 0.3489208633093525 0.02403846153846154 0.046762589928057555
1 0.6899038461538461 0.4712230215827338 0.021634615384615384 0.0539568345323741
1 0.6971153846153846 0.539568345323741 0.05048076923076923 0.0683453237410072
1 0.59375 0.5719424460431655 0.026442307692307692 0.04316546762589928
1 0.6177884615384616 0.5935251798561151 0.019230769230769232 0.039568345323741004
1 0.7668269230769231 0.6294964028776978 0.021634615384615384 0.03597122302158273
1 0.5841346153846154 0.6294964028776978 0.014423076923076924 0.039568345323741004
1 0.6201923076923077 0.6330935251798561 0.026442307692307692 0.02877697841726619
1 0.6442307692307693 0.697841726618705 0.04326923076923077 0.06474820143884892
1 0.6754807692307693 0.7050359712230215 0.021634615384615384 0.03597122302158273
1 0.5985576923076923 0.7302158273381295 0.028846153846153848 0.046762589928057555
1 0.6875 0.7661870503597122 0.021634615384615384 0.02877697841726619
1 0.6370192307692307 0.7913669064748201 0.026442307692307692 0.02877697841726619
3 0.5432692307692307 0.25539568345323743 0.016826923076923076 0.039568345323741004