1 0.7792553191489362 0.5072115384615384 0.034574468085106384 0.03365384615384615
1 0.8085106382978723 0.5649038461538461 0.03723404255319149 0.03125
1 0.7686170212765957 0.5745192307692307 0.034574468085106384 0.03365384615384615
1 0.8377659574468085 0.59375 0.031914893617021274 0.02403846153846154
1 0.7712765957446809 0.5985576923076923 0.031914893617021274 0.028846153846153848
1 0.898936170212766 0.6009615384615384 0.02925531914893617 0.021634615384615384
1 0.8138297872340425 0.6201923076923077 0.034574468085106384 0.040865384615384616
1 0.8936170212765957 0.6274038461538461 0.031914893617021274 0.03125
3 0.9521276595744681 0.6394230769230769 0.026595744680851064 0.03125
1 0.7287234042553191 0.65625 0.0398936170212766 0.02403846153846154
1 0.8191489361702128 0.6682692307692307 0.03723404255319149 0.021634615384615384
1 0.651595744680851 0.7067307692307693 0.0425531914893617 0.03125
1 0.7606382978723404 0.7716346153846154 0.034574468085106384 0.028846153846153848
1 0.7659574468085106 0.8004807692307693 0.034574468085106384 0.02403846153846154