0 0.27925531914893614 0.4326923076923077 0.031914893617021274 0.021634615384615384
0 0.4627659574468085 0.5600961538461539 0.023936170212765957 0.026442307692307692
4 0.32180851063829785 0.6394230769230769 0.023936170212765957 0.019230769230769232
0 0.27393617021276595 0.6490384615384616 0.023936170212765957 0.021634615384615384
4 0.42021276595744683 0.6730769230769231 0.03723404255319149 0.03125
4 0.3324468085106383 0.6850961538461539 0.018617021276595744 0.014423076923076924
4 0.3058510638297872 0.7091346153846154 0.031914893617021274 0.019230769230769232
3 0.3696808510638298 0.7211538461538461 0.034574468085106384 0.03365384615384615
3 0.40691489361702127 0.7475961538461539 0.0425531914893617 0.026442307692307692
4 0.375 0.7716346153846154 0.023936170212765957 0.014423076923076924
4 0.34574468085106386 0.7788461538461539 0.018617021276595744 0.014423076923076924
3 0.3962765957446808 0.7836538461538461 0.034574468085106384 0.028846153846153848
4 0.324468085106383 0.8461538461538461 0.02925531914893617 0.019230769230769232
3 0.31117021276595747 0.2548076923076923 0.0398936170212766 0.03365384615384615