5 0.6586538461538461 0.38489208633093525 0.016826923076923076 0.02877697841726619
3 0.4639423076923077 0.5719424460431655 0.021634615384615384 0.02877697841726619
3 0.4855769230769231 0.6510791366906474 0.038461538461538464 0.0539568345323741
1 0.4206730769230769 0.7122302158273381 0.038461538461538464 0.050359712230215826
1 0.5432692307692307 0.7158273381294964 0.036057692307692304 0.039568345323741004
1 0.4855769230769231 0.737410071942446 0.040865384615384616 0.04316546762589928
5 0.5865384615384616 0.20863309352517986 0.021634615384615384 0.02877697841726619
5 0.65625 0.2158273381294964 0.016826923076923076 0.017985611510791366
5 0.6971153846153846 0.22302158273381295 0.016826923076923076 0.02158273381294964
5 0.5913461538461539 0.2302158273381295 0.016826923076923076 0.02158273381294964
5 0.625 0.23381294964028776 0.014423076923076924 0.017985611510791366
5 0.6442307692307693 0.2589928057553957 0.021634615384615384 0.02877697841726619
5 0.6009615384615384 0.26258992805755393 0.019230769230769232 0.025179856115107913
5 0.6298076923076923 0.2733812949640288 0.021634615384615384 0.02158273381294964
5 0.5817307692307693 0.2733812949640288 0.01201923076923077 0.017985611510791366