4 0.5288461538461539 0.35611510791366907 0.026442307692307692 0.03237410071942446
4 0.6009615384615384 0.38848920863309355 0.019230769230769232 0.02877697841726619
4 0.5576923076923077 0.4028776978417266 0.019230769230769232 0.025179856115107913
4 0.5504807692307693 0.43884892086330934 0.02403846153846154 0.03237410071942446
4 0.5817307692307693 0.44244604316546765 0.016826923076923076 0.017985611510791366
4 0.8389423076923077 0.44964028776978415 0.026442307692307692 0.039568345323741004
4 0.7115384615384616 0.45323741007194246 0.026442307692307692 0.03597122302158273
4 0.49038461538461536 0.4784172661870504 0.02403846153846154 0.039568345323741004
4 0.6682692307692307 0.5215827338129496 0.019230769230769232 0.02877697841726619
4 0.6274038461538461 0.5251798561151079 0.021634615384615384 0.025179856115107913
4 0.5817307692307693 0.5359712230215827 0.019230769230769232 0.017985611510791366
4 0.5600961538461539 0.5575539568345323 0.014423076923076924 0.025179856115107913
4 0.7235576923076923 0.6942446043165468 0.019230769230769232 0.03237410071942446
4 0.6706730769230769 0.7086330935251799 0.016826923076923076 0.025179856115107913
3 0.375 0.07913669064748201 0.026442307692307692 0.03597122302158273
4 0.19230769230769232 0.2158273381294964 0.03125 0.02158273381294964
4 0.6995192307692307 0.302158273381295 0.028846153846153848 0.03597122302158273
4 0.7644230769230769 0.302158273381295 0.02403846153846154 0.03237410071942446