3 0.5697115384615384 0.5543478260869565 0.03365384615384615 0.050724637681159424
0 0.44711538461538464 0.5797101449275363 0.03125 0.05434782608695652
1 0.5456730769230769 0.6123188405797102 0.038461538461538464 0.036231884057971016
1 0.5793269230769231 0.6884057971014492 0.04326923076923077 0.06884057971014493
3 0.4495192307692308 0.7463768115942029 0.026442307692307692 0.057971014492753624
1 0.5288461538461539 0.7971014492753623 0.02403846153846154 0.036231884057971016
1 0.4807692307692308 0.8079710144927537 0.028846153846153848 0.03260869565217391
1 0.5865384615384616 0.822463768115942 0.021634615384615384 0.04710144927536232
1 0.5168269230769231 0.855072463768116 0.03125 0.04710144927536232
5 0.5192307692307693 0.2463768115942029 0.01201923076923077 0.021739130434782608
5 0.4254807692307692 0.2463768115942029 0.016826923076923076 0.018115942028985508
5 0.4807692307692308 0.2608695652173913 0.01201923076923077 0.018115942028985508
5 0.5384615384615384 0.2644927536231884 0.009615384615384616 0.018115942028985508
5 0.5216346153846154 0.2644927536231884 0.01201923076923077 0.018115942028985508
5 0.5024038461538461 0.2717391304347826 0.016826923076923076 0.025362318840579712
5 0.47115384615384615 0.2898550724637681 0.016826923076923076 0.025362318840579712