5 0.5053475935828877 0.3004807692307692 0.016042780748663103 0.019230769230769232
5 0.7593582887700535 0.3269230769230769 0.016042780748663103 0.026442307692307692
5 0.45989304812834225 0.40384615384615385 0.01871657754010695 0.028846153846153848
5 0.4304812834224599 0.45913461538461536 0.01871657754010695 0.026442307692307692
5 0.6550802139037433 0.5697115384615384 0.02406417112299465 0.016826923076923076
5 0.7032085561497327 0.5745192307692307 0.02406417112299465 0.016826923076923076
5 0.7245989304812834 0.5841346153846154 0.016042780748663103 0.016826923076923076
5 0.6764705882352942 0.6033653846153846 0.026737967914438502 0.021634615384615384
5 0.5508021390374331 0.7235576923076923 0.02406417112299465 0.026442307692307692
5 0.6122994652406417 0.7307692307692307 0.026737967914438502 0.02403846153846154
5 0.5320855614973262 0.75 0.03208556149732621 0.028846153846153848
5 0.43315508021390375 0.17307692307692307 0.01871657754010695 0.02403846153846154
5 0.48663101604278075 0.18990384615384615 0.02406417112299465 0.021634615384615384
5 0.5267379679144385 0.1971153846153846 0.034759358288770054 0.016826923076923076
5 0.37433155080213903 0.21394230769230768 0.0213903743315508 0.026442307692307692
5 0.5882352941176471 0.23076923076923078 0.013368983957219251 0.016826923076923076
5 0.6336898395721925 0.25961538461538464 0.026737967914438502 0.016826923076923076
5 0.8074866310160428 0.2860576923076923 0.02406417112299465 0.016826923076923076