4 0.2393617021276596 0.31009615384615385 0.03723404255319149 0.03125
5 0.061170212765957445 0.3894230769230769 0.026595744680851064 0.021634615384615384
4 0.26063829787234044 0.47596153846153844 0.034574468085106384 0.03125
3 0.4627659574468085 0.5192307692307693 0.034574468085106384 0.040865384615384616
3 0.324468085106383 0.5336538461538461 0.047872340425531915 0.040865384615384616
5 0.07180851063829788 0.6274038461538461 0.026595744680851064 0.02403846153846154
5 0.35638297872340424 0.6899038461538461 0.026595744680851064 0.028846153846153848
5 0.27925531914893614 0.6947115384615384 0.03723404255319149 0.03125
5 0.4521276595744681 0.7331730769230769 0.02925531914893617 0.028846153846153848
5 0.23138297872340424 0.7403846153846154 0.03723404255319149 0.026442307692307692
5 0.47074468085106386 0.8774038461538461 0.023936170212765957 0.016826923076923076