1 0.20053475935828877 0.6105769230769231 0.029411764705882353 0.04326923076923077
1 0.1925133689839572 0.6754807692307693 0.029411764705882353 0.03365384615384615
1 0.21657754010695188 0.6802884615384616 0.026737967914438502 0.02403846153846154
1 0.3155080213903743 0.6971153846153846 0.034759358288770054 0.03365384615384615
1 0.2887700534759358 0.7043269230769231 0.026737967914438502 0.026442307692307692
1 0.18983957219251338 0.7067307692307693 0.026737967914438502 0.02403846153846154
1 0.1443850267379679 0.7163461538461539 0.0213903743315508 0.021634615384615384
1 0.12032085561497326 0.7259615384615384 0.026737967914438502 0.02403846153846154
1 0.32085561497326204 0.7956730769230769 0.0427807486631016 0.028846153846153848
1 0.31016042780748665 0.8173076923076923 0.026737967914438502 0.021634615384615384
1 0.2620320855614973 0.8197115384615384 0.0427807486631016 0.03125
1 0.30213903743315507 0.8341346153846154 0.0427807486631016 0.02403846153846154