5 0.6497326203208557 0.5456730769230769 0.0213903743315508 0.019230769230769232
5 0.5026737967914439 0.5576923076923077 0.0213903743315508 0.019230769230769232
5 0.47593582887700536 0.6105769230769231 0.029411764705882353 0.019230769230769232
5 0.5427807486631016 0.6899038461538461 0.02406417112299465 0.014423076923076924
5 0.5561497326203209 0.7043269230769231 0.0213903743315508 0.016826923076923076
5 0.5935828877005348 0.7331730769230769 0.026737967914438502 0.014423076923076924
5 0.6203208556149733 0.7427884615384616 0.0213903743315508 0.01201923076923077
5 0.48128342245989303 0.7451923076923077 0.0374331550802139 0.028846153846153848
5 0.6042780748663101 0.7692307692307693 0.026737967914438502 0.02403846153846154
5 0.516042780748663 0.8509615384615384 0.02406417112299465 0.014423076923076924
5 0.38235294117647056 0.9086538461538461 0.0213903743315508 0.02403846153846154
5 0.3582887700534759 0.9134615384615384 0.029411764705882353 0.016826923076923076
5 0.48663101604278075 0.9158653846153846 0.0213903743315508 0.016826923076923076
5 0.3877005347593583 0.9326923076923077 0.0213903743315508 0.016826923076923076