1 0.4308510638297872 0.37259615384615385 0.0398936170212766 0.040865384615384616
1 0.45478723404255317 0.44471153846153844 0.05319148936170213 0.052884615384615384
1 0.8164893617021277 0.4951923076923077 0.047872340425531915 0.04567307692307692
1 0.7606382978723404 0.5432692307692307 0.05053191489361702 0.038461538461538464
1 0.7898936170212766 0.5913461538461539 0.0398936170212766 0.04567307692307692
1 0.648936170212766 0.6033653846153846 0.07712765957446809 0.06490384615384616
1 0.19946808510638298 0.6490384615384616 0.02925531914893617 0.040865384615384616
1 0.2765957446808511 0.6538461538461539 0.034574468085106384 0.036057692307692304
1 0.6888297872340425 0.6706730769230769 0.04521276595744681 0.040865384615384616
1 0.601063829787234 0.6923076923076923 0.0398936170212766 0.03365384615384615
1 0.601063829787234 0.6971153846153846 0.047872340425531915 0.040865384615384616
1 0.5159574468085106 0.7019230769230769 0.06648936170212766 0.05048076923076923
1 0.39361702127659576 0.7019230769230769 0.034574468085106384 0.03125
1 0.723404255319149 0.7283653846153846 0.03723404255319149 0.055288461538461536
1 0.43617021276595747 0.2548076923076923 0.08776595744680851 0.04567307692307692