3 0.3723404255319149 0.31009615384615385 0.034574468085106384 0.036057692307692304
0 0.42021276595744683 0.6490384615384616 0.031914893617021274 0.026442307692307692
0 0.24468085106382978 0.6875 0.02925531914893617 0.028846153846153848
0 0.20212765957446807 0.6875 0.03723404255319149 0.028846153846153848
0 0.31382978723404253 0.6971153846153846 0.03723404255319149 0.03125
0 0.2872340425531915 0.8004807692307693 0.03723404255319149 0.03125
0 0.2845744680851064 0.8870192307692307 0.031914893617021274 0.03125
0 0.3723404255319149 0.8990384615384616 0.026595744680851064 0.02403846153846154
3 0.4867021276595745 0.15144230769230768 0.04521276595744681 0.036057692307692304
3 0.3404255319148936 0.2283653846153846 0.04521276595744681 0.05048076923076923
3 0.5159574468085106 0.23317307692307693 0.04521276595744681 0.04326923076923077
3 0.4441489361702128 0.24519230769230768 0.05319148936170213 0.052884615384615384
3 0.39893617021276595 0.2644230769230769 0.0398936170212766 0.04807692307692308
4 0.5558510638297872 0.27163461538461536 0.034574468085106384 0.036057692307692304