1 0.7952127659574468 0.6105769230769231 0.02925531914893617 0.04326923076923077
1 0.8031914893617021 0.6754807692307693 0.02925531914893617 0.03365384615384615
1 0.7792553191489362 0.6802884615384616 0.026595744680851064 0.02403846153846154
1 0.6808510638297872 0.6971153846153846 0.034574468085106384 0.03365384615384615
1 0.7074468085106383 0.7043269230769231 0.026595744680851064 0.026442307692307692
1 0.8058510638297872 0.7067307692307693 0.026595744680851064 0.02403846153846154
1 0.851063829787234 0.7163461538461539 0.02127659574468085 0.021634615384615384
1 0.875 0.7259615384615384 0.026595744680851064 0.02403846153846154
1 0.675531914893617 0.7956730769230769 0.0425531914893617 0.028846153846153848
1 0.6861702127659575 0.8173076923076923 0.026595744680851064 0.021634615384615384
1 0.7340425531914894 0.8197115384615384 0.0425531914893617 0.03125
1 0.6941489361702128 0.8341346153846154 0.0425531914893617 0.02403846153846154