1 0.7606382978723404 0.2932692307692308 0.034574468085106384 0.038461538461538464
1 0.7872340425531915 0.4807692307692308 0.02127659574468085 0.03125
1 0.6356382978723404 0.6033653846153846 0.034574468085106384 0.036057692307692304
1 0.8031914893617021 0.6298076923076923 0.04521276595744681 0.03125
1 0.6223404255319149 0.6418269230769231 0.0398936170212766 0.04567307692307692
1 0.7074468085106383 0.6514423076923077 0.0425531914893617 0.057692307692307696
1 0.8058510638297872 0.6658653846153846 0.061170212765957445 0.04326923076923077
1 0.5930851063829787 0.6947115384615384 0.05053191489361702 0.040865384615384616
1 0.7047872340425532 0.7115384615384616 0.03723404255319149 0.038461538461538464
1 0.7898936170212766 0.71875 0.03723404255319149 0.038461538461538464
1 0.6462765957446809 0.7548076923076923 0.031914893617021274 0.04567307692307692