1 0.8315508021390374 0.5504807692307693 0.029411764705882353 0.019230769230769232
1 0.7192513368983957 0.5625 0.034759358288770054 0.03125
1 0.8475935828877005 0.5649038461538461 0.029411764705882353 0.02403846153846154
1 0.7994652406417112 0.5913461538461539 0.0374331550802139 0.026442307692307692
1 0.5828877005347594 0.6129807692307693 0.03208556149732621 0.03125
1 0.8636363636363636 0.6177884615384616 0.029411764705882353 0.021634615384615384
1 0.8877005347593583 0.6346153846153846 0.02406417112299465 0.02403846153846154
1 0.8235294117647058 0.6418269230769231 0.029411764705882353 0.021634615384615384
1 0.7727272727272727 0.6490384615384616 0.0427807486631016 0.04567307692307692
1 0.6390374331550802 0.6586538461538461 0.029411764705882353 0.03125
1 0.7299465240641712 0.6923076923076923 0.0374331550802139 0.04807692307692308
1 0.820855614973262 0.7163461538461539 0.05080213903743316 0.036057692307692304
1 0.5882352941176471 0.71875 0.040106951871657755 0.03125
1 0.7754010695187166 0.7283653846153846 0.0427807486631016 0.03125
1 0.6978609625668449 0.7403846153846154 0.029411764705882353 0.02403846153846154
1 0.7941176470588235 0.7475961538461539 0.0374331550802139 0.03125
1 0.7112299465240641 0.78125 0.03208556149732621 0.02403846153846154
1 0.6844919786096256 0.8173076923076923 0.034759358288770054 0.036057692307692304
1 0.6844919786096256 0.8798076923076923 0.03208556149732621 0.02403846153846154
4 0.44385026737967914 0.9206730769230769 0.034759358288770054 0.02403846153846154
4 0.4037433155080214 0.2091346153846154 0.034759358288770054 0.03125