1 0.8111702127659575 0.3317307692307692 0.0425531914893617 0.057692307692307696
1 0.8218085106382979 0.4423076923076923 0.02925531914893617 0.040865384615384616
1 0.3829787234042553 0.5841346153846154 0.03723404255319149 0.052884615384615384
1 0.8297872340425532 0.5865384615384616 0.04521276595744681 0.04807692307692308
1 0.8164893617021277 0.6274038461538461 0.05053191489361702 0.05048076923076923
1 0.6170212765957447 0.6466346153846154 0.05851063829787234 0.07211538461538461
1 0.5452127659574468 0.6514423076923077 0.0425531914893617 0.04326923076923077
1 0.6728723404255319 0.6754807692307693 0.05319148936170213 0.07211538461538461
1 0.8191489361702128 0.6778846153846154 0.06382978723404255 0.052884615384615384
1 0.7659574468085106 0.6899038461538461 0.04521276595744681 0.057692307692307696
1 0.6382978723404256 0.6947115384615384 0.06382978723404255 0.038461538461538464
1 0.6063829787234043 0.7668269230769231 0.034574468085106384 0.04567307692307692
1 0.324468085106383 0.11778846153846154 0.0425531914893617 0.04326923076923077
3 0.4574468085106383 0.1201923076923077 0.034574468085106384 0.026442307692307692
3 0.4015957446808511 0.1346153846153846 0.034574468085106384 0.026442307692307692
1 0.300531914893617 0.15625 0.034574468085106384 0.038461538461538464
1 0.4228723404255319 0.16826923076923078 0.034574468085106384 0.036057692307692304
1 0.4734042553191489 0.18509615384615385 0.026595744680851064 0.036057692307692304
1 0.5398936170212766 0.19230769230769232 0.026595744680851064 0.038461538461538464
1 0.4095744680851064 0.21153846153846154 0.047872340425531915 0.036057692307692304
5 0.6595744680851063 0.23317307692307693 0.015957446808510637 0.02403846153846154
1 0.3377659574468085 0.2548076923076923 0.02925531914893617 0.038461538461538464