5 0.6861702127659575 0.04807692307692308 0.026595744680851064 0.02403846153846154
5 0.651595744680851 0.06490384615384616 0.02127659574468085 0.03365384615384615
5 0.7101063829787234 0.07211538461538461 0.018617021276595744 0.01201923076923077
5 0.7606382978723404 0.07211538461538461 0.018617021276595744 0.019230769230769232
5 0.6888297872340425 0.07451923076923077 0.018617021276595744 0.016826923076923076
5 0.4920212765957447 0.7908653846153846 0.034574468085106384 0.021634615384615384
5 0.625 0.09375 0.018617021276595744 0.019230769230769232
5 0.5797872340425532 0.0985576923076923 0.026595744680851064 0.016826923076923076
5 0.8218085106382979 0.11298076923076923 0.026595744680851064 0.028846153846153848
5 0.5877659574468085 0.11778846153846154 0.0398936170212766 0.016826923076923076
5 0.7526595744680851 0.12980769230769232 0.02127659574468085 0.02403846153846154
5 0.601063829787234 0.1346153846153846 0.02127659574468085 0.014423076923076924
5 0.7952127659574468 0.23798076923076922 0.018617021276595744 0.019230769230769232