4 0.5531914893617021 0.40865384615384615 0.02925531914893617 0.028846153846153848
3 0.550531914893617 0.40865384615384615 0.04521276595744681 0.04567307692307692
3 0.1675531914893617 0.45913461538461536 0.04521276595744681 0.04567307692307692
3 0.2712765957446808 0.5865384615384616 0.05319148936170213 0.055288461538461536
4 0.22872340425531915 0.65625 0.0425531914893617 0.028846153846153848
4 0.22872340425531915 0.6610576923076923 0.0398936170212766 0.03365384615384615
4 0.3058510638297872 0.7115384615384616 0.034574468085106384 0.03125
4 0.3271276595744681 0.71875 0.026595744680851064 0.03125
4 0.375 0.7644230769230769 0.03723404255319149 0.03125
3 0.44680851063829785 0.8701923076923077 0.05053191489361702 0.04807692307692308
4 0.47606382978723405 0.9423076923076923 0.031914893617021274 0.021634615384615384
3 0.3962765957446808 0.20432692307692307 0.05053191489361702 0.03125
3 0.40425531914893614 0.23798076923076922 0.03723404255319149 0.028846153846153848