1 0.44711538461538464 0.3129496402877698 0.04326923076923077 0.06474820143884892
1 0.5600961538461539 0.3345323741007194 0.057692307692307696 0.07913669064748201
3 0.7139423076923077 0.34532374100719426 0.036057692307692304 0.050359712230215826
3 0.6274038461538461 0.35611510791366907 0.02403846153846154 0.046762589928057555
1 0.34615384615384615 0.37410071942446044 0.05048076923076923 0.07194244604316546
1 0.4375 0.41007194244604317 0.08413461538461539 0.06474820143884892
1 0.5024038461538461 0.420863309352518 0.04326923076923077 0.07913669064748201
1 0.5528846153846154 0.46402877697841727 0.03365384615384615 0.039568345323741004
1 0.39663461538461536 0.4676258992805755 0.05048076923076923 0.07553956834532374
1 0.4567307692307692 0.49280575539568344 0.0673076923076923 0.08992805755395683
1 0.5384615384615384 0.5539568345323741 0.03365384615384615 0.08273381294964029
1 0.47115384615384615 0.5863309352517986 0.0985576923076923 0.12949640287769784
3 0.5793269230769231 0.5935251798561151 0.055288461538461536 0.08633093525179857
3 0.6274038461538461 0.6366906474820144 0.040865384615384616 0.10431654676258993
1 0.44471153846153844 0.7230215827338129 0.05048076923076923 0.12589928057553956
1 0.40625 0.7410071942446043 0.03125 0.0539568345323741