1 0.33689839572192515 0.5985576923076923 0.026737967914438502 0.02403846153846154
1 0.516042780748663 0.6105769230769231 0.02406417112299465 0.019230769230769232
1 0.2994652406417112 0.6418269230769231 0.0213903743315508 0.019230769230769232
0 0.47058823529411764 0.6682692307692307 0.016042780748663103 0.014423076923076924
1 0.27540106951871657 0.6802884615384616 0.0213903743315508 0.021634615384615384
1 0.4090909090909091 0.6850961538461539 0.01871657754010695 0.016826923076923076
1 0.42245989304812837 0.6899038461538461 0.01871657754010695 0.021634615384615384
1 0.44385026737967914 0.7019230769230769 0.029411764705882353 0.02403846153846154
1 0.39037433155080214 0.7283653846153846 0.03208556149732621 0.021634615384615384
1 0.35561497326203206 0.7403846153846154 0.0374331550802139 0.026442307692307692
1 0.4117647058823529 0.8221153846153846 0.02406417112299465 0.016826923076923076
1 0.4385026737967914 0.8317307692307693 0.029411764705882353 0.021634615384615384