5 0.34134615384615385 0.38768115942028986 0.016826923076923076 0.028985507246376812
3 0.5360576923076923 0.5760869565217391 0.021634615384615384 0.028985507246376812
3 0.5144230769230769 0.6557971014492754 0.038461538461538464 0.05434782608695652
1 0.5793269230769231 0.717391304347826 0.038461538461538464 0.050724637681159424
1 0.4567307692307692 0.7210144927536232 0.036057692307692304 0.03985507246376811
1 0.5144230769230769 0.7427536231884058 0.040865384615384616 0.043478260869565216
5 0.41346153846153844 0.21014492753623187 0.021634615384615384 0.028985507246376812
5 0.34375 0.21739130434782608 0.016826923076923076 0.018115942028985508
5 0.30288461538461536 0.2246376811594203 0.016826923076923076 0.021739130434782608
5 0.40865384615384615 0.2318840579710145 0.016826923076923076 0.021739130434782608
5 0.375 0.23550724637681159 0.014423076923076924 0.018115942028985508
5 0.3557692307692308 0.2608695652173913 0.021634615384615384 0.028985507246376812
5 0.39903846153846156 0.2644927536231884 0.019230769230769232 0.025362318840579712
5 0.3701923076923077 0.2753623188405797 0.021634615384615384 0.021739130434782608
5 0.4182692307692308 0.2753623188405797 0.01201923076923077 0.018115942028985508