4 0.8413461538461539 0.965 0.03125 0.0275
4 0.9254807692307693 0.9825 0.040865384615384616 0.03
4 0.7367788461538461 0.98375 0.05048076923076923 0.0275
4 0.5769230769230769 0.1075 0.06009615384615385 0.0525
4 0.5288461538461539 0.185 0.04567307692307692 0.0425
4 0.5769230769230769 0.1875 0.04326923076923077 0.04
4 0.7115384615384616 0.19 0.04807692307692308 0.025
4 0.43990384615384615 0.195 0.036057692307692304 0.045
4 0.6899038461538461 0.2075 0.052884615384615384 0.035
4 0.3798076923076923 0.21 0.028846153846153848 0.0375
4 0.6490384615384616 0.2125 0.06009615384615385 0.0625
4 0.5288461538461539 0.2275 0.04567307692307692 0.045
4 0.3485576923076923 0.2725 0.04567307692307692 0.0575
4 0.8509615384615384 0.28 0.04807692307692308 0.04
4 0.47836538461538464 0.295 0.04807692307692308 0.0525
4 0.5817307692307693 0.2975 0.036057692307692304 0.0525
4 0.5552884615384616 0.31 0.040865384615384616 0.0375
4 0.6899038461538461 0.3125 0.04807692307692308 0.0475
4 0.6201923076923077 0.335 0.04807692307692308 0.04
4 0.37740384615384615 0.335 0.04326923076923077 0.0425
4 0.8870192307692307 0.34 0.06971153846153846 0.0525
4 0.8076923076923077 0.34 0.05048076923076923 0.0525
4 0.45913461538461536 0.345 0.05048076923076923 0.0425
4 0.5336538461538461 0.35 0.040865384615384616 0.03
4 0.9615384615384616 0.3525 0.04326923076923077 0.035
4 0.7355769230769231 0.3575 0.06490384615384616 0.0775
4 0.625 0.3625 0.04326923076923077 0.0425
4 0.9134615384615384 0.3625 0.040865384615384616 0.04
4 0.7884615384615384 0.365 0.05048076923076923 0.0425
4 0.53125 0.37 0.038461538461538464 0.04
4 0.8605769230769231 0.37 0.03365384615384615 0.0425
4 0.5985576923076923 0.37 0.052884615384615384 0.0475
4 0.7884615384615384 0.3725 0.08413461538461539 0.09
4 0.37740384615384615 0.3825 0.038461538461538464 0.04
4 0.4543269230769231 0.39 0.05048076923076923 0.04
4 0.6274038461538461 0.395 0.055288461538461536 0.04
4 0.6466346153846154 0.4025 0.052884615384615384 0.04
4 0.6778846153846154 0.41 0.04567307692307692 0.05
4 0.5600961538461539 0.4275 0.04326923076923077 0.0375
4 0.9423076923076923 0.4275 0.055288461538461536 0.055
4 0.5793269230769231 0.4275 0.03365384615384615 0.0375
4 0.3894230769230769 0.43 0.04807692307692308 0.035
4 0.8028846153846154 0.4375 0.040865384615384616 0.04
4 0.8461538461538461 0.4475 0.036057692307692304 0.05
4 0.6274038461538461 0.45 0.04567307692307692 0.0425
4 0.5 0.45 0.038461538461538464 0.05
4 0.46875 0.4625 0.028846153846153848 0.055
4 0.7091346153846154 0.4675 0.04326923076923077 0.0525
4 0.5168269230769231 0.47 0.040865384615384616 0.0625
4 0.8173076923076923 0.475 0.04807692307692308 0.055
4 0.7331730769230769 0.4775 0.05048076923076923 0.0425
4 0.9591346153846154 0.4775 0.057692307692307696 0.0625
4 0.9086538461538461 0.49 0.052884615384615384 0.0425
4 0.5961538461538461 0.4975 0.04567307692307692 0.0525
4 0.7644230769230769 0.5 0.04807692307692308 0.0425
4 0.6418269230769231 0.505 0.04567307692307692 0.04
4 0.7019230769230769 0.5075 0.040865384615384616 0.04
4 0.8701923076923077 0.51 0.055288461538461536 0.0475
4 0.7764423076923077 0.5175 0.03365384615384615 0.0375
4 0.3942307692307692 0.52 0.038461538461538464 0.04
4 0.8269230769230769 0.5275 0.038461538461538464 0.0475
4 0.7331730769230769 0.53 0.036057692307692304 0.03
4 0.5144230769230769 0.54 0.05048076923076923 0.0375
4 0.47596153846153844 0.545 0.04807692307692308 0.04
4 0.9543269230769231 0.545 0.040865384615384616 0.0675
4 0.6201923076923077 0.55 0.04326923076923077 0.03
4 0.7884615384615384 0.555 0.04807692307692308 0.0375
4 0.43990384615384615 0.555 0.04326923076923077 0.04
4 0.5528846153846154 0.5575 0.04326923076923077 0.0375
4 0.6586538461538461 0.5575 0.04567307692307692 0.0425
4 0.7235576923076923 0.5625 0.038461538461538464 0.045
4 0.8942307692307693 0.565 0.04326923076923077 0.055
4 0.6947115384615384 0.5825 0.04567307692307692 0.0375
4 0.8677884615384616 0.585 0.038461538461538464 0.035
4 0.53125 0.605 0.04807692307692308 0.0525
4 0.8293269230769231 0.61 0.028846153846153848 0.03
4 0.5985576923076923 0.615 0.04807692307692308 0.0375
4 0.5625 0.6225 0.05048076923076923 0.04
4 0.9326923076923077 0.6225 0.038461538461538464 0.0425
4 0.7668269230769231 0.6225 0.05048076923076923 0.0475
4 0.8605769230769231 0.625 0.04567307692307692 0.0425
4 0.5048076923076923 0.63 0.028846153846153848 0.035
4 0.8317307692307693 0.6375 0.03365384615384615 0.0375
4 0.6850961538461539 0.6425 0.040865384615384616 0.04
4 0.9038461538461539 0.6475 0.03125 0.0325
4 0.7283653846153846 0.655 0.038461538461538464 0.0325
4 0.5528846153846154 0.6575 0.055288461538461536 0.0525
4 0.4735576923076923 0.6575 0.026442307692307692 0.0325
4 0.625 0.66 0.03125 0.0375
4 0.6033653846153846 0.6725 0.03125 0.045
4 0.8485576923076923 0.68 0.04326923076923077 0.0475
4 0.5144230769230769 0.6825 0.03365384615384615 0.035
4 0.5745192307692307 0.69 0.040865384615384616 0.0375
4 0.7019230769230769 0.6925 0.038461538461538464 0.0275
4 0.4735576923076923 0.695 0.057692307692307696 0.05
4 0.7451923076923077 0.705 0.04807692307692308 0.0325
4 0.7860576923076923 0.71 0.04807692307692308 0.045
4 0.8846153846153846 0.7125 0.03125 0.0375
4 0.8461538461538461 0.7225 0.040865384615384616 0.0475
4 0.6033653846153846 0.74 0.040865384615384616 0.05
4 0.8149038461538461 0.755 0.04807692307692308 0.055
4 0.6802884615384616 0.7675 0.040865384615384616 0.0325
4 0.7788461538461539 0.7725 0.052884615384615384 0.0425
4 0.5552884615384616 0.7725 0.036057692307692304 0.0325
4 0.5889423076923077 0.78 0.04807692307692308 0.05
4 0.49759615384615385 0.79 0.040865384615384616 0.06
4 0.8028846153846154 0.8 0.04807692307692308 0.0325
4 0.5480769230769231 0.81 0.028846153846153848 0.0475
4 0.6442307692307693 0.8125 0.026442307692307692 0.035
4 0.875 0.815 0.04326923076923077 0.0325
4 0.6754807692307693 0.8225 0.040865384615384616 0.0525
4 0.8413461538461539 0.835 0.038461538461538464 0.0325
4 0.5985576923076923 0.84 0.052884615384615384 0.0475
4 0.5072115384615384 0.8425 0.05048076923076923 0.0425
4 0.6298076923076923 0.855 0.03365384615384615 0.0425
4 0.8461538461538461 0.86 0.028846153846153848 0.03
4 0.6129807692307693 0.88 0.040865384615384616 0.0375
4 0.6899038461538461 0.92 0.026442307692307692 0.0275
4 0.6009615384615384 0.925 0.04326923076923077 0.035
4 0.6370192307692307 0.93 0.03125 0.0325
4 0.7115384615384616 0.935 0.05048076923076923 0.0375
4 0.8317307692307693 0.9375 0.04326923076923077 0.0425