4 0.15865384615384615 0.9601990049751243 0.03125 0.02736318407960199
4 0.07451923076923077 0.9776119402985075 0.040865384615384616 0.029850746268656716
4 0.26322115384615385 0.9788557213930348 0.05048076923076923 0.02736318407960199
4 0.4230769230769231 0.10696517412935323 0.06009615384615385 0.05223880597014925
4 0.47115384615384615 0.18407960199004975 0.04567307692307692 0.04228855721393035
4 0.4230769230769231 0.1865671641791045 0.04326923076923077 0.03980099502487562
4 0.28846153846153844 0.1890547263681592 0.04807692307692308 0.024875621890547265
4 0.5600961538461539 0.19402985074626866 0.036057692307692304 0.04477611940298507
4 0.31009615384615385 0.2064676616915423 0.052884615384615384 0.03482587064676617
4 0.6201923076923077 0.208955223880597 0.028846153846153848 0.03731343283582089
4 0.35096153846153844 0.21144278606965175 0.06009615384615385 0.06218905472636816
4 0.47115384615384615 0.2263681592039801 0.04567307692307692 0.04477611940298507
4 0.6514423076923077 0.27114427860696516 0.04567307692307692 0.05721393034825871
4 0.14903846153846154 0.27860696517412936 0.04807692307692308 0.03980099502487562
4 0.5216346153846154 0.2935323383084577 0.04807692307692308 0.05223880597014925
4 0.4182692307692308 0.2960199004975124 0.036057692307692304 0.05223880597014925
4 0.44471153846153844 0.30845771144278605 0.040865384615384616 0.03731343283582089
4 0.31009615384615385 0.31094527363184077 0.04807692307692308 0.0472636815920398
4 0.3798076923076923 0.3333333333333333 0.04807692307692308 0.03980099502487562
4 0.6225961538461539 0.3333333333333333 0.04326923076923077 0.04228855721393035
4 0.11298076923076923 0.3383084577114428 0.06971153846153846 0.05223880597014925
4 0.19230769230769232 0.3383084577114428 0.05048076923076923 0.05223880597014925
4 0.5408653846153846 0.34328358208955223 0.05048076923076923 0.04228855721393035
4 0.46634615384615385 0.3482587064676617 0.040865384615384616 0.029850746268656716
4 0.038461538461538464 0.35074626865671643 0.04326923076923077 0.03482587064676617
4 0.2644230769230769 0.35572139303482586 0.06490384615384616 0.07711442786069651
4 0.375 0.36069651741293535 0.04326923076923077 0.04228855721393035
4 0.08653846153846154 0.36069651741293535 0.040865384615384616 0.03980099502487562
4 0.21153846153846154 0.36318407960199006 0.05048076923076923 0.04228855721393035
4 0.46875 0.3681592039800995 0.038461538461538464 0.03980099502487562
4 0.13942307692307693 0.3681592039800995 0.03365384615384615 0.04228855721393035
4 0.4014423076923077 0.3681592039800995 0.052884615384615384 0.0472636815920398
4 0.21153846153846154 0.3706467661691542 0.08413461538461539 0.08955223880597014
4 0.6225961538461539 0.3805970149253731 0.038461538461538464 0.03980099502487562
4 0.5456730769230769 0.3880597014925373 0.05048076923076923 0.03980099502487562
4 0.37259615384615385 0.39303482587064675 0.055288461538461536 0.03980099502487562
4 0.35336538461538464 0.40049751243781095 0.052884615384615384 0.03980099502487562
4 0.32211538461538464 0.4079601990049751 0.04567307692307692 0.04975124378109453
4 0.43990384615384615 0.4253731343283582 0.04326923076923077 0.03731343283582089
4 0.057692307692307696 0.4253731343283582 0.055288461538461536 0.05472636815920398
4 0.4206730769230769 0.4253731343283582 0.03365384615384615 0.03731343283582089
4 0.6105769230769231 0.42786069651741293 0.04807692307692308 0.03482587064676617
4 0.1971153846153846 0.43532338308457713 0.040865384615384616 0.03980099502487562
4 0.15384615384615385 0.44527363184079605 0.036057692307692304 0.04975124378109453
4 0.37259615384615385 0.44776119402985076 0.04567307692307692 0.04228855721393035
4 0.5 0.44776119402985076 0.038461538461538464 0.04975124378109453
4 0.53125 0.4601990049751244 0.028846153846153848 0.05472636815920398
4 0.29086538461538464 0.4651741293532338 0.04326923076923077 0.05223880597014925
4 0.4831730769230769 0.46766169154228854 0.040865384615384616 0.06218905472636816
4 0.18269230769230768 0.472636815920398 0.04807692307692308 0.05472636815920398
4 0.2668269230769231 0.47512437810945274 0.05048076923076923 0.04228855721393035
4 0.040865384615384616 0.47512437810945274 0.057692307692307696 0.06218905472636816
4 0.09134615384615384 0.48756218905472637 0.052884615384615384 0.04228855721393035
4 0.40384615384615385 0.49502487562189057 0.04567307692307692 0.05223880597014925
4 0.23557692307692307 0.4975124378109453 0.04807692307692308 0.04228855721393035
4 0.3581730769230769 0.5024875621890548 0.04567307692307692 0.03980099502487562
4 0.2980769230769231 0.5049751243781094 0.040865384615384616 0.03980099502487562
4 0.12980769230769232 0.5074626865671642 0.055288461538461536 0.0472636815920398
4 0.22355769230769232 0.5149253731343284 0.03365384615384615 0.03731343283582089
4 0.6057692307692307 0.5174129353233831 0.038461538461538464 0.03980099502487562
4 0.17307692307692307 0.5248756218905473 0.038461538461538464 0.0472636815920398
4 0.2668269230769231 0.527363184079602 0.036057692307692304 0.029850746268656716
4 0.4855769230769231 0.5373134328358209 0.05048076923076923 0.03731343283582089
4 0.5240384615384616 0.5422885572139303 0.04807692307692308 0.03980099502487562
4 0.04567307692307692 0.5422885572139303 0.040865384615384616 0.06716417910447761
4 0.3798076923076923 0.5472636815920398 0.04326923076923077 0.029850746268656716
4 0.21153846153846154 0.5522388059701493 0.04807692307692308 0.03731343283582089
4 0.5600961538461539 0.5522388059701493 0.04326923076923077 0.03980099502487562
4 0.44711538461538464 0.554726368159204 0.04326923076923077 0.03731343283582089
4 0.34134615384615385 0.554726368159204 0.04567307692307692 0.04228855721393035
4 0.2764423076923077 0.5597014925373134 0.038461538461538464 0.04477611940298507
4 0.10576923076923077 0.5621890547263682 0.04326923076923077 0.05472636815920398
4 0.30528846153846156 0.5796019900497512 0.04567307692307692 0.03731343283582089
4 0.13221153846153846 0.582089552238806 0.038461538461538464 0.03482587064676617
4 0.46875 0.6019900497512438 0.04807692307692308 0.05223880597014925
4 0.17067307692307693 0.6069651741293532 0.028846153846153848 0.029850746268656716
4 0.4014423076923077 0.6119402985074627 0.04807692307692308 0.03731343283582089
4 0.4375 0.6194029850746269 0.05048076923076923 0.03980099502487562
4 0.0673076923076923 0.6194029850746269 0.038461538461538464 0.04228855721393035
4 0.23317307692307693 0.6194029850746269 0.05048076923076923 0.0472636815920398
4 0.13942307692307693 0.6218905472636815 0.04567307692307692 0.04228855721393035
4 0.4951923076923077 0.6268656716417911 0.028846153846153848 0.03482587064676617
4 0.16826923076923078 0.6343283582089553 0.03365384615384615 0.03731343283582089
4 0.31490384615384615 0.6393034825870647 0.040865384615384616 0.03980099502487562
4 0.09615384615384616 0.6442786069651741 0.03125 0.03233830845771144
4 0.27163461538461536 0.6517412935323383 0.038461538461538464 0.03233830845771144
4 0.44711538461538464 0.654228855721393 0.055288461538461536 0.05223880597014925
4 0.5264423076923077 0.654228855721393 0.026442307692307692 0.03233830845771144
4 0.375 0.6567164179104478 0.03125 0.03731343283582089
4 0.39663461538461536 0.6691542288557214 0.03125 0.04477611940298507
4 0.15144230769230768 0.6766169154228856 0.04326923076923077 0.0472636815920398
4 0.4855769230769231 0.6791044776119403 0.03365384615384615 0.03482587064676617
4 0.4254807692307692 0.6865671641791045 0.040865384615384616 0.03731343283582089
4 0.2980769230769231 0.6890547263681592 0.038461538461538464 0.02736318407960199
4 0.5264423076923077 0.6915422885572139 0.057692307692307696 0.04975124378109453
4 0.2548076923076923 0.7014925373134329 0.04807692307692308 0.03233830845771144
4 0.21394230769230768 0.7064676616915423 0.04807692307692308 0.04477611940298507
4 0.11538461538461539 0.7089552238805971 0.03125 0.03731343283582089
4 0.15384615384615385 0.7189054726368159 0.040865384615384616 0.0472636815920398
4 0.39663461538461536 0.736318407960199 0.040865384615384616 0.04975124378109453
4 0.18509615384615385 0.7512437810945274 0.04807692307692308 0.05472636815920398
4 0.31971153846153844 0.763681592039801 0.040865384615384616 0.03233830845771144
4 0.22115384615384615 0.7686567164179104 0.052884615384615384 0.04228855721393035
4 0.44471153846153844 0.7686567164179104 0.036057692307692304 0.03233830845771144
4 0.4110576923076923 0.7761194029850746 0.04807692307692308 0.04975124378109453
4 0.5024038461538461 0.7860696517412935 0.040865384615384616 0.05970149253731343
4 0.1971153846153846 0.7960199004975125 0.04807692307692308 0.03233830845771144
4 0.4519230769230769 0.8059701492537313 0.028846153846153848 0.0472636815920398
4 0.3557692307692308 0.8084577114427861 0.026442307692307692 0.03482587064676617
4 0.125 0.8109452736318408 0.04326923076923077 0.03233830845771144
4 0.3245192307692308 0.818407960199005 0.040865384615384616 0.05223880597014925
4 0.15865384615384615 0.8308457711442786 0.038461538461538464 0.03233830845771144
4 0.4014423076923077 0.835820895522388 0.052884615384615384 0.0472636815920398
4 0.49278846153846156 0.8383084577114428 0.05048076923076923 0.04228855721393035
4 0.3701923076923077 0.8507462686567164 0.03365384615384615 0.04228855721393035
4 0.15384615384615385 0.8557213930348259 0.028846153846153848 0.029850746268656716
4 0.3870192307692308 0.8756218905472637 0.040865384615384616 0.03731343283582089
4 0.31009615384615385 0.9154228855721394 0.026442307692307692 0.02736318407960199
4 0.39903846153846156 0.9203980099502488 0.04326923076923077 0.03482587064676617
4 0.3629807692307692 0.9253731343283582 0.03125 0.03233830845771144
4 0.28846153846153844 0.9303482587064676 0.05048076923076923 0.03731343283582089
4 0.16826923076923078 0.9328358208955224 0.04326923076923077 0.04228855721393035